sanity_BERT_SimpleLinearHead_1711062468.607127
{'LM': 'BER sanityT', 'HUGGINGFACE_IMPLEMENTATION': 'AutoModel', 'CLF_HEAD': 'SimplestLinearHead', 'FREEZE_LM': True, 'BATCH_SIZE': 32, 'NUM_EPOCHS': 200, 'EARLY_STOPPING_AFTER': 'NEVER', 'LEARNING_RATE': 0.0001, 'OPTIMIZER': 'Adam', 'QUANTIZATION': True, 'DATASET': 'Liar', 'DATA_FRAC': 1, 'KEEP_COLUMNS': ['statement', 'label'], 'NUM_CLASSES': 6, 'LABEL_MAPPING': {0: 0, 1: 1, 2: 2, 3: 3, 4: 4, 5: 5}}

Number of epochs trained: 200 took 2017.69003200531s 
The best validation result was obtained after 31 epochs 
Checkpoint saved at: sanity_BERT_SimpleLinearHead_1711062468.607127/checkpoint_sanity_BERT_SimpleLinearHead_1711062468.607127.pthTraining took: 2017.69003200531s in total.

Training Loss: 
[1.7559973632806558, 1.7418092218143546, 1.7336519993725596, 1.727170372306372, 1.722057302792867, 1.717297809146275, 1.713766841873573, 1.7107792810487599, 1.7066791506942558, 1.7036859060745002, 1.7017652906732768, 1.6995864813201524, 1.696722252346645, 1.694176602957776, 1.6929202703672035, 1.6918717548483257, 1.6892444040173682, 1.687784814760321, 1.686123643708749, 1.685146401604388, 1.683361810687175, 1.6817533594796963, 1.6820213471617653, 1.680692010579451, 1.678636922643192, 1.6770714239168019, 1.6760568414521737, 1.6752526659831823, 1.6738953906056295, 1.6733167275461451, 1.6733224020568753, 1.6710825954270883, 1.670049389574758, 1.6694461460054106, 1.6694966313252197, 1.6678872836341738, 1.6669607389010372, 1.6674193240400415, 1.666668057070343, 1.6645927354925518, 1.6643916219937096, 1.6637357373103918, 1.6621006849770235, 1.6618377293381736, 1.6619866280540871, 1.6600273531916727, 1.6600344827241986, 1.6597876619327105, 1.659195931158333, 1.6582800149917603, 1.6576596906994734, 1.6573478414262195, 1.6566021446127015, 1.6558681707887264, 1.6558159084706292, 1.655214202738254, 1.654157263838985, 1.6545639702835557, 1.6533678175875703, 1.6523134912657218, 1.6512050001049339, 1.6518763756826287, 1.6517130106780389, 1.65208787078798, 1.6501134671154796, 1.6497785502876448, 1.6496511211276426, 1.6486519415430563, 1.6476657865946167, 1.6466716405387236, 1.6471832533863102, 1.6467990934663101, 1.6469830816779925, 1.6458711052238013, 1.644861718947271, 1.6450879640668352, 1.6441793527187216, 1.643459694779179, 1.643543680137563, 1.6430144919041905, 1.6430977256127235, 1.6421279101356911, 1.641661292295961, 1.6411773040658588, 1.6402197478344878, 1.6403608455836216, 1.641523343008998, 1.6385299216178348, 1.6404087818300241, 1.63902021382828, 1.6390397704650308, 1.6387151152916786, 1.6383614198441074, 1.6386768892175312, 1.6372552913297374, 1.638029758803941, 1.6377534209010758, 1.6359682395079425, 1.6365763680585819, 1.6355976828162173, 1.6365166709430492, 1.6364092095247311, 1.6353739552037367, 1.635222220717932, 1.63513245129511, 1.6341515645802578, 1.6334179918342662, 1.6330899133860508, 1.6336532730922522, 1.6326760640396878, 1.6331186019742971, 1.6337251321548985, 1.6301680350229377, 1.6321284912085607, 1.6318209943741653, 1.6318156488959292, 1.6301055548718413, 1.6296049412165847, 1.6307751419388246, 1.6300348886448275, 1.6302965723465537, 1.6297242452051037, 1.6293436942442183, 1.6274611259175238, 1.628037107325046, 1.6279103778233037, 1.6287873760562077, 1.6278356692501317, 1.62726653587781, 1.6263780166798292, 1.626815732023055, 1.6263924135225956, 1.626021332087175, 1.625594586969536, 1.6255513032277424, 1.627464489402058, 1.6247703679996859, 1.6249613799038707, 1.6249890654257897, 1.623511712127757, 1.625351872770957, 1.6252737424083958, 1.6232838244453025, 1.6231776271653695, 1.623164448411294, 1.6236624491177616, 1.6237208583273248, 1.6222781767354948, 1.6225305294322077, 1.6215464062408496, 1.6211066513418038, 1.6203652505191315, 1.6206471975718704, 1.6206319216998566, 1.6210459478176271, 1.6203483521381272, 1.6205622002343152, 1.6202126225207083, 1.6211140452887038, 1.618656729240655, 1.6191838693767322, 1.6185168544080026, 1.619336214392356, 1.6192071396985157, 1.6199642226703441, 1.6177070601335568, 1.6180895158434954, 1.6181349271554442, 1.6165108680725098, 1.6182954664170928, 1.6175840476591639, 1.6166625836185207, 1.6172534394487041, 1.617229467611818, 1.6179398606499407, 1.6163735924480118, 1.617201636884814, 1.6168441776174622, 1.6167125980430674, 1.6153355874005138, 1.6150597697849214, 1.615698320843349, 1.6148861899182805, 1.615835444578129, 1.6135204993304433, 1.6135044851778453, 1.6147203449148255, 1.6121762649292515, 1.6126475204188504, 1.6139469187579052, 1.6127073801937877, 1.6128193945899558, 1.6135702983612583, 1.613639851596868, 1.61235076838936, 1.612921214549341, 1.6121680955649165, 1.6120137072797875, 1.6130849382959052, 1.6125814732732802]

Validation Loss: 
[1.7405101729602348, 1.7269374742740538, 1.717663965574125, 1.7176767471359997, 1.7135027181811449, 1.7201749173606313, 1.7084581968260975, 1.7115539341438106, 1.707352998780041, 1.7030744145556194, 1.699255594393102, 1.7004332920400107, 1.6966143352229421, 1.6928856082078887, 1.7000542704651995, 1.6942189757416888, 1.701873820002486, 1.6980381826075113, 1.702295390571036, 1.6976511681952127, 1.6957963152629574, 1.693534784200715, 1.678867436036831, 1.6811317147278204, 1.6871954551557216, 1.6900780491712617, 1.6916449506108353, 1.6839393551756696, 1.6953864242972396, 1.683120154752964, 1.6855515881282528, 1.685279584512478, 1.685092882412236, 1.689463842205885, 1.6839150946314743, 1.6822183742755796, 1.684963988094795, 1.6789941438814489, 1.683630289101019, 1.6787469968563173, 1.705554212011942, 1.6814714990011075, 1.6804127867628889, 1.6872538560774268, 1.6826961796458175, 1.6834750379004129, 1.675006223887932, 1.6754615655759486, 1.6841224577368759, 1.6690891167012656, 1.6719551929613439, 1.6864700695363486, 1.6821773662799742, 1.686172159706674, 1.6785707619132064, 1.681817511232888, 1.6813660540231845, 1.6757888386889201, 1.6774975061416626, 1.6771244246785233, 1.6781477259426583, 1.681893683061367, 1.6776995658874512, 1.6763838849416592, 1.6755537812302752, 1.6838390652726336, 1.6755129505948323, 1.6768069732479933, 1.6758219061828241, 1.6781409397357847, 1.677106531654916, 1.6794586443319552, 1.6750149814093984, 1.680628337511202, 1.6674562663566777, 1.6712383235373147, 1.680419814295885, 1.674963884237336, 1.6692882514581449, 1.6784159875497586, 1.6740528025278232, 1.6714892997974302, 1.6888168381481636, 1.680742167845005, 1.6697924515096152, 1.6750620981542075, 1.6771806333123185, 1.6814109086990356, 1.6721865549320127, 1.6812545119262323, 1.6672056012037324, 1.6803023902381338, 1.6703495804856463, 1.668787427064849, 1.6819110207441377, 1.6771391601097294, 1.6767747605719217, 1.675869691662672, 1.6722414522636226, 1.6800859992097064, 1.6816486381902926, 1.6739346137860927, 1.6767720681865041, 1.6720238400668632, 1.6733627319335938, 1.6781208369790055, 1.6704645563916463, 1.6724428519970034, 1.663141387264903, 1.681259539069199, 1.673401224903944, 1.6787306680911924, 1.6832525642906748, 1.6885077255528147, 1.6832869663471128, 1.6723263292777828, 1.6721210247132836, 1.6827143895916823, 1.6828513872332689, 1.6781679101106597, 1.672814979785826, 1.6864335507881352, 1.677801292117049, 1.6793238099028425, 1.674878114607276, 1.6700505628818418, 1.682305618030269, 1.6814278858463938, 1.677955258183363, 1.6869999257529653, 1.6850808015683802, 1.6735083620722702, 1.6762427614956368, 1.68987263121256, 1.6955258788132086, 1.6782243339026846, 1.6796473090241595, 1.6781187319174045, 1.679832060162614, 1.6671485522898233, 1.6808760020791031, 1.6814808787369147, 1.6836473302143375, 1.6722662885014603, 1.6717131515828574, 1.6674001536718228, 1.6731017798912236, 1.6864107120327834, 1.6901320160889044, 1.6767770226408796, 1.6984944837849314, 1.6705421383787946, 1.6889495587930448, 1.67078552594999, 1.6726502499929288, 1.6729236143391306, 1.68336447564567, 1.6747495750101602, 1.676788074214284, 1.6818593943991311, 1.672346673360685, 1.6833622455596924, 1.6700600443816767, 1.676338669730396, 1.6696357668899908, 1.6722340932706508, 1.6853019522457588, 1.6781833578900593, 1.677732107115955, 1.6799438639384945, 1.6866709953401147, 1.694775377831808, 1.6776184832177512, 1.67706724492515, 1.6692024353073864, 1.6752252491509043, 1.680710074378223, 1.6657401643148282, 1.6744047461486444, 1.6781134779860334, 1.6713816683466842, 1.6844849382958762, 1.687244688592306, 1.6816357432342157, 1.6911881871339751, 1.6863557565503005, 1.676806670863454, 1.6714768118974639, 1.6734418491037881, 1.6697138547897339, 1.690149147336076, 1.6672953192780657, 1.6922568053734013, 1.681795134776976, 1.68993597786601, 1.6783317967158993, 1.6725444212192442, 1.6817315060917923, 1.6873154727424062, 1.6753035900069446]

Training Acc: 
[0.21637939429350472, 0.23196026877008472, 0.23955594507741748, 0.24841756743597235, 0.24968351348719448, 0.2519232641932028, 0.2566949070016555, 0.2599084623624501, 0.2615639302755867, 0.26321939818872336, 0.26672509494595387, 0.26945174797935534, 0.2735417275294576, 0.2696465089103126, 0.27227578147823545, 0.2748076735806797, 0.2762683805628591, 0.27558671730450873, 0.2791897945272178, 0.27578147823546595, 0.28542214431784985, 0.28172168662966207, 0.28474048105949945, 0.28435095919758496, 0.28503262245593536, 0.28590904664524297, 0.28191644756061934, 0.2884409387476872, 0.28717499269646507, 0.2862011880416788, 0.2868828513000292, 0.2923361573668322, 0.2906806894536956, 0.29107021131561006, 0.29438114714188335, 0.2902911675917811, 0.29330996202161846, 0.29155711364300324, 0.2907780699191742, 0.29321258155613983, 0.2942837666764047, 0.29720518064076346, 0.2966208978478917, 0.29808160483007107, 0.29603661505501994, 0.2985685071574642, 0.2946732885383192, 0.30158730158730157, 0.3019768234492161, 0.2992501704158146, 0.3006134969325153, 0.29681565877884897, 0.3005161164670367, 0.29827636576102834, 0.3055799006719252, 0.30295062810400236, 0.30577466160288247, 0.30334014996591685, 0.30265848670756645, 0.30217158438017333, 0.30372967182783134, 0.3043139546207031, 0.30090563832895123, 0.3066510857921901, 0.30372967182783134, 0.3066510857921901, 0.30772227091245496, 0.31200701139351444, 0.3097672606875061, 0.30850131463628394, 0.30986464115298473, 0.30762489044697633, 0.3097672606875061, 0.30762489044697633, 0.3060668029993183, 0.30850131463628394, 0.30966988022202746, 0.30986464115298473, 0.31044892394585644, 0.3102541630148992, 0.3101567825494206, 0.30986464115298473, 0.3062615639302756, 0.3101567825494206, 0.3105463044113351, 0.31444152303048006, 0.31122796766968547, 0.3149284253578732, 0.3122017723244717, 0.31531794721978773, 0.3114227286006427, 0.3114227286006427, 0.31005940208394195, 0.31444152303048006, 0.31658389327100983, 0.31385724023760836, 0.3140520011685656, 0.31794721978771057, 0.3150258058233518, 0.31707079559840295, 0.3145389034959587, 0.3122017723244717, 0.31190963092803586, 0.31668127373648847, 0.3185315025805823, 0.3172655565293602, 0.3141493816340442, 0.31619437140909534, 0.31580484954718085, 0.3156100886162236, 0.3167786542019671, 0.3157074690817022, 0.3148310448923946, 0.31463628396143734, 0.31746031746031744, 0.3206738728211121, 0.32008959002824033, 0.32096601421754795, 0.31658389327100983, 0.3196026877008472, 0.3208686337520693, 0.316291751874574, 0.3192131658389327, 0.3222319602687701, 0.3192131658389327, 0.32252410166520595, 0.32077125328659073, 0.32164767747589834, 0.32291362352712044, 0.3208686337520693, 0.3184341221151037, 0.32018697049371897, 0.32213457980329147, 0.32077125328659073, 0.32135553607946243, 0.3183367416496251, 0.32057649235563346, 0.3204791118901548, 0.3257376570260006, 0.32427695004382123, 0.32096601421754795, 0.3241795695783426, 0.3231083844580777, 0.3273931249391372, 0.3195053072353686, 0.3259324179569578, 0.3204791118901548, 0.3231083844580777, 0.32359528678547084, 0.3243743305092998, 0.32885383192131656, 0.32680884214626543, 0.3266140812153082, 0.3254455156295647, 0.3227188625961632, 0.3245690914402571, 0.32710098354270134, 0.3239848086473853, 0.32340052585451357, 0.32486123283669294, 0.3252507546986075, 0.32213457980329147, 0.3246664719057357, 0.3315804849547181, 0.32602979842243646, 0.3285616905248807, 0.32291362352712044, 0.3266140812153082, 0.32486123283669294, 0.3278800272665303, 0.3278800272665303, 0.3254455156295647, 0.3300223975070601, 0.32729574447365856, 0.3284643100594021, 0.3298276365761028, 0.32729574447365856, 0.3278800272665303, 0.3252507546986075, 0.32953549517966696, 0.32992501704158145, 0.3317752458856753, 0.32641932028435094, 0.3257376570260006, 0.32622455935339373, 0.33080144123088906, 0.32797740773200895, 0.3305092998344532, 0.3281721686629662, 0.33031453890349594, 0.3278800272665303, 0.32826954912844486, 0.3301197779725387, 0.3243743305092998, 0.32729574447365856, 0.33109358262732497, 0.33109358262732497, 0.32914597331775247, 0.3311909630928036, 0.3324569091440257]

Validation Acc: 
[0.23208722741433022, 0.2523364485981308, 0.24922118380062305, 0.2601246105919003, 0.24922118380062305, 0.2507788161993769, 0.26557632398753894, 0.26090342679127726, 0.25778816199376947, 0.24610591900311526, 0.26246105919003115, 0.24221183800623053, 0.2523364485981308, 0.2601246105919003, 0.2523364485981308, 0.26479750778816197, 0.22819314641744548, 0.2515576323987539, 0.26090342679127726, 0.24143302180685358, 0.2616822429906542, 0.26479750778816197, 0.2632398753894081, 0.27102803738317754, 0.2585669781931464, 0.2546728971962617, 0.2601246105919003, 0.2538940809968847, 0.2538940809968847, 0.26401869158878505, 0.2881619937694704, 0.26246105919003115, 0.26479750778816197, 0.2538940809968847, 0.2632398753894081, 0.2601246105919003, 0.2546728971962617, 0.2531152647975078, 0.25, 0.25778816199376947, 0.2546728971962617, 0.26869158878504673, 0.2468847352024922, 0.24532710280373832, 0.26557632398753894, 0.26947040498442365, 0.2546728971962617, 0.26246105919003115, 0.2546728971962617, 0.2702492211838006, 0.2554517133956386, 0.25778816199376947, 0.26947040498442365, 0.26401869158878505, 0.25934579439252337, 0.26635514018691586, 0.24610591900311526, 0.2538940809968847, 0.26246105919003115, 0.2718068535825545, 0.25, 0.26713395638629284, 0.26090342679127726, 0.2616822429906542, 0.25934579439252337, 0.2523364485981308, 0.26090342679127726, 0.26090342679127726, 0.2562305295950156, 0.26090342679127726, 0.2616822429906542, 0.26869158878504673, 0.26090342679127726, 0.2484423676012461, 0.2632398753894081, 0.26479750778816197, 0.26246105919003115, 0.26401869158878505, 0.26869158878504673, 0.24766355140186916, 0.2562305295950156, 0.2749221183800623, 0.26635514018691586, 0.2562305295950156, 0.26557632398753894, 0.2484423676012461, 0.26401869158878505, 0.27258566978193144, 0.25778816199376947, 0.2538940809968847, 0.2531152647975078, 0.26869158878504673, 0.26947040498442365, 0.26791277258566976, 0.24376947040498442, 0.27414330218068533, 0.26479750778816197, 0.25934579439252337, 0.2601246105919003, 0.2531152647975078, 0.2616822429906542, 0.2733644859813084, 0.25778816199376947, 0.27102803738317754, 0.26401869158878505, 0.2616822429906542, 0.26479750778816197, 0.2718068535825545, 0.26557632398753894, 0.2531152647975078, 0.26713395638629284, 0.2601246105919003, 0.26557632398753894, 0.2515576323987539, 0.26401869158878505, 0.2616822429906542, 0.26713395638629284, 0.2601246105919003, 0.2562305295950156, 0.26791277258566976, 0.2523364485981308, 0.2585669781931464, 0.2616822429906542, 0.26869158878504673, 0.26401869158878505, 0.2562305295950156, 0.2538940809968847, 0.2538940809968847, 0.2468847352024922, 0.2562305295950156, 0.26635514018691586, 0.26246105919003115, 0.26557632398753894, 0.2554517133956386, 0.26090342679127726, 0.2757009345794392, 0.2601246105919003, 0.26090342679127726, 0.26557632398753894, 0.26557632398753894, 0.25934579439252337, 0.26869158878504673, 0.26947040498442365, 0.2570093457943925, 0.27414330218068533, 0.26479750778816197, 0.26635514018691586, 0.25934579439252337, 0.2632398753894081, 0.26635514018691586, 0.25934579439252337, 0.2718068535825545, 0.26479750778816197, 0.2616822429906542, 0.25934579439252337, 0.26947040498442365, 0.26479750778816197, 0.26713395638629284, 0.26869158878504673, 0.2585669781931464, 0.2570093457943925, 0.24766355140186916, 0.25934579439252337, 0.2702492211838006, 0.26713395638629284, 0.25934579439252337, 0.2546728971962617, 0.2632398753894081, 0.2702492211838006, 0.26557632398753894, 0.2468847352024922, 0.2531152647975078, 0.25934579439252337, 0.2523364485981308, 0.2616822429906542, 0.26713395638629284, 0.26479750778816197, 0.25934579439252337, 0.26090342679127726, 0.24766355140186916, 0.2538940809968847, 0.2601246105919003, 0.26557632398753894, 0.26635514018691586, 0.2523364485981308, 0.2601246105919003, 0.26401869158878505, 0.2702492211838006, 0.24766355140186916, 0.2554517133956386, 0.26869158878504673, 0.26713395638629284, 0.25934579439252337, 0.2531152647975078, 0.26479750778816197, 0.26947040498442365, 0.26713395638629284, 0.26557632398753894, 0.2570093457943925, 0.26791277258566976]




 Epoch 0: 
Training 
Labels predicted: 	 True targets: 	 Correct labels: 
2691 			 1995 			 838 
2228 			 2108 			 734 
2243 			 1975 			 743 
1350 			 1657 			 471 
1365 			 1699 			 467 
392 			 835 			 161 

 Validation 
Labels predicted: 	 True targets: 	 Correct labels: 
450 			 266 			 126 
247 			 262 			 66 
302 			 260 			 87 
131 			 186 			 33 
128 			 219 			 27 
26 			 91 			 5 

 Epoch 1: 
Training 
Labels predicted: 	 True targets: 	 Correct labels: 
2691 			 1995 			 838 
2228 			 2108 			 734 
2243 			 1975 			 743 
1350 			 1657 			 471 
1365 			 1699 			 467 
392 			 835 			 161 

 Validation 
Labels predicted: 	 True targets: 	 Correct labels: 
450 			 266 			 126 
247 			 262 			 66 
302 			 260 			 87 
131 			 186 			 33 
128 			 219 			 27 
26 			 91 			 5 

 Epoch 2: 
Training 
Labels predicted: 	 True targets: 	 Correct labels: 
2691 			 1995 			 838 
2228 			 2108 			 734 
2243 			 1975 			 743 
1350 			 1657 			 471 
1365 			 1699 			 467 
392 			 835 			 161 

 Validation 
Labels predicted: 	 True targets: 	 Correct labels: 
450 			 266 			 126 
247 			 262 			 66 
302 			 260 			 87 
131 			 186 			 33 
128 			 219 			 27 
26 			 91 			 5 

 Epoch 3: 
Training 
Labels predicted: 	 True targets: 	 Correct labels: 
2691 			 1995 			 838 
2228 			 2108 			 734 
2243 			 1975 			 743 
1350 			 1657 			 471 
1365 			 1699 			 467 
392 			 835 			 161 

 Validation 
Labels predicted: 	 True targets: 	 Correct labels: 
450 			 266 			 126 
247 			 262 			 66 
302 			 260 			 87 
131 			 186 			 33 
128 			 219 			 27 
26 			 91 			 5 

 Epoch 4: 
Training 
Labels predicted: 	 True targets: 	 Correct labels: 
2691 			 1995 			 838 
2228 			 2108 			 734 
2243 			 1975 			 743 
1350 			 1657 			 471 
1365 			 1699 			 467 
392 			 835 			 161 

 Validation 
Labels predicted: 	 True targets: 	 Correct labels: 
450 			 266 			 126 
247 			 262 			 66 
302 			 260 			 87 
131 			 186 			 33 
128 			 219 			 27 
26 			 91 			 5 

 Epoch 5: 
Training 
Labels predicted: 	 True targets: 	 Correct labels: 
2691 			 1995 			 838 
2228 			 2108 			 734 
2243 			 1975 			 743 
1350 			 1657 			 471 
1365 			 1699 			 467 
392 			 835 			 161 

 Validation 
Labels predicted: 	 True targets: 	 Correct labels: 
450 			 266 			 126 
247 			 262 			 66 
302 			 260 			 87 
131 			 186 			 33 
128 			 219 			 27 
26 			 91 			 5 

 Epoch 6: 
Training 
Labels predicted: 	 True targets: 	 Correct labels: 
2691 			 1995 			 838 
2228 			 2108 			 734 
2243 			 1975 			 743 
1350 			 1657 			 471 
1365 			 1699 			 467 
392 			 835 			 161 

 Validation 
Labels predicted: 	 True targets: 	 Correct labels: 
450 			 266 			 126 
247 			 262 			 66 
302 			 260 			 87 
131 			 186 			 33 
128 			 219 			 27 
26 			 91 			 5 

 Epoch 7: 
Training 
Labels predicted: 	 True targets: 	 Correct labels: 
2691 			 1995 			 838 
2228 			 2108 			 734 
2243 			 1975 			 743 
1350 			 1657 			 471 
1365 			 1699 			 467 
392 			 835 			 161 

 Validation 
Labels predicted: 	 True targets: 	 Correct labels: 
450 			 266 			 126 
247 			 262 			 66 
302 			 260 			 87 
131 			 186 			 33 
128 			 219 			 27 
26 			 91 			 5 

 Epoch 8: 
Training 
Labels predicted: 	 True targets: 	 Correct labels: 
2691 			 1995 			 838 
2228 			 2108 			 734 
2243 			 1975 			 743 
1350 			 1657 			 471 
1365 			 1699 			 467 
392 			 835 			 161 

 Validation 
Labels predicted: 	 True targets: 	 Correct labels: 
450 			 266 			 126 
247 			 262 			 66 
302 			 260 			 87 
131 			 186 			 33 
128 			 219 			 27 
26 			 91 			 5 

 Epoch 9: 
Training 
Labels predicted: 	 True targets: 	 Correct labels: 
2691 			 1995 			 838 
2228 			 2108 			 734 
2243 			 1975 			 743 
1350 			 1657 			 471 
1365 			 1699 			 467 
392 			 835 			 161 

 Validation 
Labels predicted: 	 True targets: 	 Correct labels: 
450 			 266 			 126 
247 			 262 			 66 
302 			 260 			 87 
131 			 186 			 33 
128 			 219 			 27 
26 			 91 			 5 

 Epoch 10: 
Training 
Labels predicted: 	 True targets: 	 Correct labels: 
2691 			 1995 			 838 
2228 			 2108 			 734 
2243 			 1975 			 743 
1350 			 1657 			 471 
1365 			 1699 			 467 
392 			 835 			 161 

 Validation 
Labels predicted: 	 True targets: 	 Correct labels: 
450 			 266 			 126 
247 			 262 			 66 
302 			 260 			 87 
131 			 186 			 33 
128 			 219 			 27 
26 			 91 			 5 

 Epoch 11: 
Training 
Labels predicted: 	 True targets: 	 Correct labels: 
2691 			 1995 			 838 
2228 			 2108 			 734 
2243 			 1975 			 743 
1350 			 1657 			 471 
1365 			 1699 			 467 
392 			 835 			 161 

 Validation 
Labels predicted: 	 True targets: 	 Correct labels: 
450 			 266 			 126 
247 			 262 			 66 
302 			 260 			 87 
131 			 186 			 33 
128 			 219 			 27 
26 			 91 			 5 

 Epoch 12: 
Training 
Labels predicted: 	 True targets: 	 Correct labels: 
2691 			 1995 			 838 
2228 			 2108 			 734 
2243 			 1975 			 743 
1350 			 1657 			 471 
1365 			 1699 			 467 
392 			 835 			 161 

 Validation 
Labels predicted: 	 True targets: 	 Correct labels: 
450 			 266 			 126 
247 			 262 			 66 
302 			 260 			 87 
131 			 186 			 33 
128 			 219 			 27 
26 			 91 			 5 

 Epoch 13: 
Training 
Labels predicted: 	 True targets: 	 Correct labels: 
2691 			 1995 			 838 
2228 			 2108 			 734 
2243 			 1975 			 743 
1350 			 1657 			 471 
1365 			 1699 			 467 
392 			 835 			 161 

 Validation 
Labels predicted: 	 True targets: 	 Correct labels: 
450 			 266 			 126 
247 			 262 			 66 
302 			 260 			 87 
131 			 186 			 33 
128 			 219 			 27 
26 			 91 			 5 

 Epoch 14: 
Training 
Labels predicted: 	 True targets: 	 Correct labels: 
2691 			 1995 			 838 
2228 			 2108 			 734 
2243 			 1975 			 743 
1350 			 1657 			 471 
1365 			 1699 			 467 
392 			 835 			 161 

 Validation 
Labels predicted: 	 True targets: 	 Correct labels: 
450 			 266 			 126 
247 			 262 			 66 
302 			 260 			 87 
131 			 186 			 33 
128 			 219 			 27 
26 			 91 			 5 

 Epoch 15: 
Training 
Labels predicted: 	 True targets: 	 Correct labels: 
2691 			 1995 			 838 
2228 			 2108 			 734 
2243 			 1975 			 743 
1350 			 1657 			 471 
1365 			 1699 			 467 
392 			 835 			 161 

 Validation 
Labels predicted: 	 True targets: 	 Correct labels: 
450 			 266 			 126 
247 			 262 			 66 
302 			 260 			 87 
131 			 186 			 33 
128 			 219 			 27 
26 			 91 			 5 

 Epoch 16: 
Training 
Labels predicted: 	 True targets: 	 Correct labels: 
2691 			 1995 			 838 
2228 			 2108 			 734 
2243 			 1975 			 743 
1350 			 1657 			 471 
1365 			 1699 			 467 
392 			 835 			 161 

 Validation 
Labels predicted: 	 True targets: 	 Correct labels: 
450 			 266 			 126 
247 			 262 			 66 
302 			 260 			 87 
131 			 186 			 33 
128 			 219 			 27 
26 			 91 			 5 

 Epoch 17: 
Training 
Labels predicted: 	 True targets: 	 Correct labels: 
2691 			 1995 			 838 
2228 			 2108 			 734 
2243 			 1975 			 743 
1350 			 1657 			 471 
1365 			 1699 			 467 
392 			 835 			 161 

 Validation 
Labels predicted: 	 True targets: 	 Correct labels: 
450 			 266 			 126 
247 			 262 			 66 
302 			 260 			 87 
131 			 186 			 33 
128 			 219 			 27 
26 			 91 			 5 

 Epoch 18: 
Training 
Labels predicted: 	 True targets: 	 Correct labels: 
2691 			 1995 			 838 
2228 			 2108 			 734 
2243 			 1975 			 743 
1350 			 1657 			 471 
1365 			 1699 			 467 
392 			 835 			 161 

 Validation 
Labels predicted: 	 True targets: 	 Correct labels: 
450 			 266 			 126 
247 			 262 			 66 
302 			 260 			 87 
131 			 186 			 33 
128 			 219 			 27 
26 			 91 			 5 

 Epoch 19: 
Training 
Labels predicted: 	 True targets: 	 Correct labels: 
2691 			 1995 			 838 
2228 			 2108 			 734 
2243 			 1975 			 743 
1350 			 1657 			 471 
1365 			 1699 			 467 
392 			 835 			 161 

 Validation 
Labels predicted: 	 True targets: 	 Correct labels: 
450 			 266 			 126 
247 			 262 			 66 
302 			 260 			 87 
131 			 186 			 33 
128 			 219 			 27 
26 			 91 			 5 

 Epoch 20: 
Training 
Labels predicted: 	 True targets: 	 Correct labels: 
2691 			 1995 			 838 
2228 			 2108 			 734 
2243 			 1975 			 743 
1350 			 1657 			 471 
1365 			 1699 			 467 
392 			 835 			 161 

 Validation 
Labels predicted: 	 True targets: 	 Correct labels: 
450 			 266 			 126 
247 			 262 			 66 
302 			 260 			 87 
131 			 186 			 33 
128 			 219 			 27 
26 			 91 			 5 

 Epoch 21: 
Training 
Labels predicted: 	 True targets: 	 Correct labels: 
2691 			 1995 			 838 
2228 			 2108 			 734 
2243 			 1975 			 743 
1350 			 1657 			 471 
1365 			 1699 			 467 
392 			 835 			 161 

 Validation 
Labels predicted: 	 True targets: 	 Correct labels: 
450 			 266 			 126 
247 			 262 			 66 
302 			 260 			 87 
131 			 186 			 33 
128 			 219 			 27 
26 			 91 			 5 

 Epoch 22: 
Training 
Labels predicted: 	 True targets: 	 Correct labels: 
2691 			 1995 			 838 
2228 			 2108 			 734 
2243 			 1975 			 743 
1350 			 1657 			 471 
1365 			 1699 			 467 
392 			 835 			 161 

 Validation 
Labels predicted: 	 True targets: 	 Correct labels: 
450 			 266 			 126 
247 			 262 			 66 
302 			 260 			 87 
131 			 186 			 33 
128 			 219 			 27 
26 			 91 			 5 

 Epoch 23: 
Training 
Labels predicted: 	 True targets: 	 Correct labels: 
2691 			 1995 			 838 
2228 			 2108 			 734 
2243 			 1975 			 743 
1350 			 1657 			 471 
1365 			 1699 			 467 
392 			 835 			 161 

 Validation 
Labels predicted: 	 True targets: 	 Correct labels: 
450 			 266 			 126 
247 			 262 			 66 
302 			 260 			 87 
131 			 186 			 33 
128 			 219 			 27 
26 			 91 			 5 

 Epoch 24: 
Training 
Labels predicted: 	 True targets: 	 Correct labels: 
2691 			 1995 			 838 
2228 			 2108 			 734 
2243 			 1975 			 743 
1350 			 1657 			 471 
1365 			 1699 			 467 
392 			 835 			 161 

 Validation 
Labels predicted: 	 True targets: 	 Correct labels: 
450 			 266 			 126 
247 			 262 			 66 
302 			 260 			 87 
131 			 186 			 33 
128 			 219 			 27 
26 			 91 			 5 

 Epoch 25: 
Training 
Labels predicted: 	 True targets: 	 Correct labels: 
2691 			 1995 			 838 
2228 			 2108 			 734 
2243 			 1975 			 743 
1350 			 1657 			 471 
1365 			 1699 			 467 
392 			 835 			 161 

 Validation 
Labels predicted: 	 True targets: 	 Correct labels: 
450 			 266 			 126 
247 			 262 			 66 
302 			 260 			 87 
131 			 186 			 33 
128 			 219 			 27 
26 			 91 			 5 

 Epoch 26: 
Training 
Labels predicted: 	 True targets: 	 Correct labels: 
2691 			 1995 			 838 
2228 			 2108 			 734 
2243 			 1975 			 743 
1350 			 1657 			 471 
1365 			 1699 			 467 
392 			 835 			 161 

 Validation 
Labels predicted: 	 True targets: 	 Correct labels: 
450 			 266 			 126 
247 			 262 			 66 
302 			 260 			 87 
131 			 186 			 33 
128 			 219 			 27 
26 			 91 			 5 

 Epoch 27: 
Training 
Labels predicted: 	 True targets: 	 Correct labels: 
2691 			 1995 			 838 
2228 			 2108 			 734 
2243 			 1975 			 743 
1350 			 1657 			 471 
1365 			 1699 			 467 
392 			 835 			 161 

 Validation 
Labels predicted: 	 True targets: 	 Correct labels: 
450 			 266 			 126 
247 			 262 			 66 
302 			 260 			 87 
131 			 186 			 33 
128 			 219 			 27 
26 			 91 			 5 

 Epoch 28: 
Training 
Labels predicted: 	 True targets: 	 Correct labels: 
2691 			 1995 			 838 
2228 			 2108 			 734 
2243 			 1975 			 743 
1350 			 1657 			 471 
1365 			 1699 			 467 
392 			 835 			 161 

 Validation 
Labels predicted: 	 True targets: 	 Correct labels: 
450 			 266 			 126 
247 			 262 			 66 
302 			 260 			 87 
131 			 186 			 33 
128 			 219 			 27 
26 			 91 			 5 

 Epoch 29: 
Training 
Labels predicted: 	 True targets: 	 Correct labels: 
2691 			 1995 			 838 
2228 			 2108 			 734 
2243 			 1975 			 743 
1350 			 1657 			 471 
1365 			 1699 			 467 
392 			 835 			 161 

 Validation 
Labels predicted: 	 True targets: 	 Correct labels: 
450 			 266 			 126 
247 			 262 			 66 
302 			 260 			 87 
131 			 186 			 33 
128 			 219 			 27 
26 			 91 			 5 

 Epoch 30: 
Training 
Labels predicted: 	 True targets: 	 Correct labels: 
2691 			 1995 			 838 
2228 			 2108 			 734 
2243 			 1975 			 743 
1350 			 1657 			 471 
1365 			 1699 			 467 
392 			 835 			 161 

 Validation 
Labels predicted: 	 True targets: 	 Correct labels: 
450 			 266 			 126 
247 			 262 			 66 
302 			 260 			 87 
131 			 186 			 33 
128 			 219 			 27 
26 			 91 			 5 

 Epoch 31: 
Training 
Labels predicted: 	 True targets: 	 Correct labels: 
2691 			 1995 			 838 
2228 			 2108 			 734 
2243 			 1975 			 743 
1350 			 1657 			 471 
1365 			 1699 			 467 
392 			 835 			 161 

 Validation 
Labels predicted: 	 True targets: 	 Correct labels: 
450 			 266 			 126 
247 			 262 			 66 
302 			 260 			 87 
131 			 186 			 33 
128 			 219 			 27 
26 			 91 			 5 

 Epoch 32: 
Training 
Labels predicted: 	 True targets: 	 Correct labels: 
2691 			 1995 			 838 
2228 			 2108 			 734 
2243 			 1975 			 743 
1350 			 1657 			 471 
1365 			 1699 			 467 
392 			 835 			 161 

 Validation 
Labels predicted: 	 True targets: 	 Correct labels: 
450 			 266 			 126 
247 			 262 			 66 
302 			 260 			 87 
131 			 186 			 33 
128 			 219 			 27 
26 			 91 			 5 

 Epoch 33: 
Training 
Labels predicted: 	 True targets: 	 Correct labels: 
2691 			 1995 			 838 
2228 			 2108 			 734 
2243 			 1975 			 743 
1350 			 1657 			 471 
1365 			 1699 			 467 
392 			 835 			 161 

 Validation 
Labels predicted: 	 True targets: 	 Correct labels: 
450 			 266 			 126 
247 			 262 			 66 
302 			 260 			 87 
131 			 186 			 33 
128 			 219 			 27 
26 			 91 			 5 

 Epoch 34: 
Training 
Labels predicted: 	 True targets: 	 Correct labels: 
2691 			 1995 			 838 
2228 			 2108 			 734 
2243 			 1975 			 743 
1350 			 1657 			 471 
1365 			 1699 			 467 
392 			 835 			 161 

 Validation 
Labels predicted: 	 True targets: 	 Correct labels: 
450 			 266 			 126 
247 			 262 			 66 
302 			 260 			 87 
131 			 186 			 33 
128 			 219 			 27 
26 			 91 			 5 

 Epoch 35: 
Training 
Labels predicted: 	 True targets: 	 Correct labels: 
2691 			 1995 			 838 
2228 			 2108 			 734 
2243 			 1975 			 743 
1350 			 1657 			 471 
1365 			 1699 			 467 
392 			 835 			 161 

 Validation 
Labels predicted: 	 True targets: 	 Correct labels: 
450 			 266 			 126 
247 			 262 			 66 
302 			 260 			 87 
131 			 186 			 33 
128 			 219 			 27 
26 			 91 			 5 

 Epoch 36: 
Training 
Labels predicted: 	 True targets: 	 Correct labels: 
2691 			 1995 			 838 
2228 			 2108 			 734 
2243 			 1975 			 743 
1350 			 1657 			 471 
1365 			 1699 			 467 
392 			 835 			 161 

 Validation 
Labels predicted: 	 True targets: 	 Correct labels: 
450 			 266 			 126 
247 			 262 			 66 
302 			 260 			 87 
131 			 186 			 33 
128 			 219 			 27 
26 			 91 			 5 

 Epoch 37: 
Training 
Labels predicted: 	 True targets: 	 Correct labels: 
2691 			 1995 			 838 
2228 			 2108 			 734 
2243 			 1975 			 743 
1350 			 1657 			 471 
1365 			 1699 			 467 
392 			 835 			 161 

 Validation 
Labels predicted: 	 True targets: 	 Correct labels: 
450 			 266 			 126 
247 			 262 			 66 
302 			 260 			 87 
131 			 186 			 33 
128 			 219 			 27 
26 			 91 			 5 

 Epoch 38: 
Training 
Labels predicted: 	 True targets: 	 Correct labels: 
2691 			 1995 			 838 
2228 			 2108 			 734 
2243 			 1975 			 743 
1350 			 1657 			 471 
1365 			 1699 			 467 
392 			 835 			 161 

 Validation 
Labels predicted: 	 True targets: 	 Correct labels: 
450 			 266 			 126 
247 			 262 			 66 
302 			 260 			 87 
131 			 186 			 33 
128 			 219 			 27 
26 			 91 			 5 

 Epoch 39: 
Training 
Labels predicted: 	 True targets: 	 Correct labels: 
2691 			 1995 			 838 
2228 			 2108 			 734 
2243 			 1975 			 743 
1350 			 1657 			 471 
1365 			 1699 			 467 
392 			 835 			 161 

 Validation 
Labels predicted: 	 True targets: 	 Correct labels: 
450 			 266 			 126 
247 			 262 			 66 
302 			 260 			 87 
131 			 186 			 33 
128 			 219 			 27 
26 			 91 			 5 

 Epoch 40: 
Training 
Labels predicted: 	 True targets: 	 Correct labels: 
2691 			 1995 			 838 
2228 			 2108 			 734 
2243 			 1975 			 743 
1350 			 1657 			 471 
1365 			 1699 			 467 
392 			 835 			 161 

 Validation 
Labels predicted: 	 True targets: 	 Correct labels: 
450 			 266 			 126 
247 			 262 			 66 
302 			 260 			 87 
131 			 186 			 33 
128 			 219 			 27 
26 			 91 			 5 

 Epoch 41: 
Training 
Labels predicted: 	 True targets: 	 Correct labels: 
2691 			 1995 			 838 
2228 			 2108 			 734 
2243 			 1975 			 743 
1350 			 1657 			 471 
1365 			 1699 			 467 
392 			 835 			 161 

 Validation 
Labels predicted: 	 True targets: 	 Correct labels: 
450 			 266 			 126 
247 			 262 			 66 
302 			 260 			 87 
131 			 186 			 33 
128 			 219 			 27 
26 			 91 			 5 

 Epoch 42: 
Training 
Labels predicted: 	 True targets: 	 Correct labels: 
2691 			 1995 			 838 
2228 			 2108 			 734 
2243 			 1975 			 743 
1350 			 1657 			 471 
1365 			 1699 			 467 
392 			 835 			 161 

 Validation 
Labels predicted: 	 True targets: 	 Correct labels: 
450 			 266 			 126 
247 			 262 			 66 
302 			 260 			 87 
131 			 186 			 33 
128 			 219 			 27 
26 			 91 			 5 

 Epoch 43: 
Training 
Labels predicted: 	 True targets: 	 Correct labels: 
2691 			 1995 			 838 
2228 			 2108 			 734 
2243 			 1975 			 743 
1350 			 1657 			 471 
1365 			 1699 			 467 
392 			 835 			 161 

 Validation 
Labels predicted: 	 True targets: 	 Correct labels: 
450 			 266 			 126 
247 			 262 			 66 
302 			 260 			 87 
131 			 186 			 33 
128 			 219 			 27 
26 			 91 			 5 

 Epoch 44: 
Training 
Labels predicted: 	 True targets: 	 Correct labels: 
2691 			 1995 			 838 
2228 			 2108 			 734 
2243 			 1975 			 743 
1350 			 1657 			 471 
1365 			 1699 			 467 
392 			 835 			 161 

 Validation 
Labels predicted: 	 True targets: 	 Correct labels: 
450 			 266 			 126 
247 			 262 			 66 
302 			 260 			 87 
131 			 186 			 33 
128 			 219 			 27 
26 			 91 			 5 

 Epoch 45: 
Training 
Labels predicted: 	 True targets: 	 Correct labels: 
2691 			 1995 			 838 
2228 			 2108 			 734 
2243 			 1975 			 743 
1350 			 1657 			 471 
1365 			 1699 			 467 
392 			 835 			 161 

 Validation 
Labels predicted: 	 True targets: 	 Correct labels: 
450 			 266 			 126 
247 			 262 			 66 
302 			 260 			 87 
131 			 186 			 33 
128 			 219 			 27 
26 			 91 			 5 

 Epoch 46: 
Training 
Labels predicted: 	 True targets: 	 Correct labels: 
2691 			 1995 			 838 
2228 			 2108 			 734 
2243 			 1975 			 743 
1350 			 1657 			 471 
1365 			 1699 			 467 
392 			 835 			 161 

 Validation 
Labels predicted: 	 True targets: 	 Correct labels: 
450 			 266 			 126 
247 			 262 			 66 
302 			 260 			 87 
131 			 186 			 33 
128 			 219 			 27 
26 			 91 			 5 

 Epoch 47: 
Training 
Labels predicted: 	 True targets: 	 Correct labels: 
2691 			 1995 			 838 
2228 			 2108 			 734 
2243 			 1975 			 743 
1350 			 1657 			 471 
1365 			 1699 			 467 
392 			 835 			 161 

 Validation 
Labels predicted: 	 True targets: 	 Correct labels: 
450 			 266 			 126 
247 			 262 			 66 
302 			 260 			 87 
131 			 186 			 33 
128 			 219 			 27 
26 			 91 			 5 

 Epoch 48: 
Training 
Labels predicted: 	 True targets: 	 Correct labels: 
2691 			 1995 			 838 
2228 			 2108 			 734 
2243 			 1975 			 743 
1350 			 1657 			 471 
1365 			 1699 			 467 
392 			 835 			 161 

 Validation 
Labels predicted: 	 True targets: 	 Correct labels: 
450 			 266 			 126 
247 			 262 			 66 
302 			 260 			 87 
131 			 186 			 33 
128 			 219 			 27 
26 			 91 			 5 

 Epoch 49: 
Training 
Labels predicted: 	 True targets: 	 Correct labels: 
2691 			 1995 			 838 
2228 			 2108 			 734 
2243 			 1975 			 743 
1350 			 1657 			 471 
1365 			 1699 			 467 
392 			 835 			 161 

 Validation 
Labels predicted: 	 True targets: 	 Correct labels: 
450 			 266 			 126 
247 			 262 			 66 
302 			 260 			 87 
131 			 186 			 33 
128 			 219 			 27 
26 			 91 			 5 

 Epoch 50: 
Training 
Labels predicted: 	 True targets: 	 Correct labels: 
2691 			 1995 			 838 
2228 			 2108 			 734 
2243 			 1975 			 743 
1350 			 1657 			 471 
1365 			 1699 			 467 
392 			 835 			 161 

 Validation 
Labels predicted: 	 True targets: 	 Correct labels: 
450 			 266 			 126 
247 			 262 			 66 
302 			 260 			 87 
131 			 186 			 33 
128 			 219 			 27 
26 			 91 			 5 

 Epoch 51: 
Training 
Labels predicted: 	 True targets: 	 Correct labels: 
2691 			 1995 			 838 
2228 			 2108 			 734 
2243 			 1975 			 743 
1350 			 1657 			 471 
1365 			 1699 			 467 
392 			 835 			 161 

 Validation 
Labels predicted: 	 True targets: 	 Correct labels: 
450 			 266 			 126 
247 			 262 			 66 
302 			 260 			 87 
131 			 186 			 33 
128 			 219 			 27 
26 			 91 			 5 

 Epoch 52: 
Training 
Labels predicted: 	 True targets: 	 Correct labels: 
2691 			 1995 			 838 
2228 			 2108 			 734 
2243 			 1975 			 743 
1350 			 1657 			 471 
1365 			 1699 			 467 
392 			 835 			 161 

 Validation 
Labels predicted: 	 True targets: 	 Correct labels: 
450 			 266 			 126 
247 			 262 			 66 
302 			 260 			 87 
131 			 186 			 33 
128 			 219 			 27 
26 			 91 			 5 

 Epoch 53: 
Training 
Labels predicted: 	 True targets: 	 Correct labels: 
2691 			 1995 			 838 
2228 			 2108 			 734 
2243 			 1975 			 743 
1350 			 1657 			 471 
1365 			 1699 			 467 
392 			 835 			 161 

 Validation 
Labels predicted: 	 True targets: 	 Correct labels: 
450 			 266 			 126 
247 			 262 			 66 
302 			 260 			 87 
131 			 186 			 33 
128 			 219 			 27 
26 			 91 			 5 

 Epoch 54: 
Training 
Labels predicted: 	 True targets: 	 Correct labels: 
2691 			 1995 			 838 
2228 			 2108 			 734 
2243 			 1975 			 743 
1350 			 1657 			 471 
1365 			 1699 			 467 
392 			 835 			 161 

 Validation 
Labels predicted: 	 True targets: 	 Correct labels: 
450 			 266 			 126 
247 			 262 			 66 
302 			 260 			 87 
131 			 186 			 33 
128 			 219 			 27 
26 			 91 			 5 

 Epoch 55: 
Training 
Labels predicted: 	 True targets: 	 Correct labels: 
2691 			 1995 			 838 
2228 			 2108 			 734 
2243 			 1975 			 743 
1350 			 1657 			 471 
1365 			 1699 			 467 
392 			 835 			 161 

 Validation 
Labels predicted: 	 True targets: 	 Correct labels: 
450 			 266 			 126 
247 			 262 			 66 
302 			 260 			 87 
131 			 186 			 33 
128 			 219 			 27 
26 			 91 			 5 

 Epoch 56: 
Training 
Labels predicted: 	 True targets: 	 Correct labels: 
2691 			 1995 			 838 
2228 			 2108 			 734 
2243 			 1975 			 743 
1350 			 1657 			 471 
1365 			 1699 			 467 
392 			 835 			 161 

 Validation 
Labels predicted: 	 True targets: 	 Correct labels: 
450 			 266 			 126 
247 			 262 			 66 
302 			 260 			 87 
131 			 186 			 33 
128 			 219 			 27 
26 			 91 			 5 

 Epoch 57: 
Training 
Labels predicted: 	 True targets: 	 Correct labels: 
2691 			 1995 			 838 
2228 			 2108 			 734 
2243 			 1975 			 743 
1350 			 1657 			 471 
1365 			 1699 			 467 
392 			 835 			 161 

 Validation 
Labels predicted: 	 True targets: 	 Correct labels: 
450 			 266 			 126 
247 			 262 			 66 
302 			 260 			 87 
131 			 186 			 33 
128 			 219 			 27 
26 			 91 			 5 

 Epoch 58: 
Training 
Labels predicted: 	 True targets: 	 Correct labels: 
2691 			 1995 			 838 
2228 			 2108 			 734 
2243 			 1975 			 743 
1350 			 1657 			 471 
1365 			 1699 			 467 
392 			 835 			 161 

 Validation 
Labels predicted: 	 True targets: 	 Correct labels: 
450 			 266 			 126 
247 			 262 			 66 
302 			 260 			 87 
131 			 186 			 33 
128 			 219 			 27 
26 			 91 			 5 

 Epoch 59: 
Training 
Labels predicted: 	 True targets: 	 Correct labels: 
2691 			 1995 			 838 
2228 			 2108 			 734 
2243 			 1975 			 743 
1350 			 1657 			 471 
1365 			 1699 			 467 
392 			 835 			 161 

 Validation 
Labels predicted: 	 True targets: 	 Correct labels: 
450 			 266 			 126 
247 			 262 			 66 
302 			 260 			 87 
131 			 186 			 33 
128 			 219 			 27 
26 			 91 			 5 

 Epoch 60: 
Training 
Labels predicted: 	 True targets: 	 Correct labels: 
2691 			 1995 			 838 
2228 			 2108 			 734 
2243 			 1975 			 743 
1350 			 1657 			 471 
1365 			 1699 			 467 
392 			 835 			 161 

 Validation 
Labels predicted: 	 True targets: 	 Correct labels: 
450 			 266 			 126 
247 			 262 			 66 
302 			 260 			 87 
131 			 186 			 33 
128 			 219 			 27 
26 			 91 			 5 

 Epoch 61: 
Training 
Labels predicted: 	 True targets: 	 Correct labels: 
2691 			 1995 			 838 
2228 			 2108 			 734 
2243 			 1975 			 743 
1350 			 1657 			 471 
1365 			 1699 			 467 
392 			 835 			 161 

 Validation 
Labels predicted: 	 True targets: 	 Correct labels: 
450 			 266 			 126 
247 			 262 			 66 
302 			 260 			 87 
131 			 186 			 33 
128 			 219 			 27 
26 			 91 			 5 

 Epoch 62: 
Training 
Labels predicted: 	 True targets: 	 Correct labels: 
2691 			 1995 			 838 
2228 			 2108 			 734 
2243 			 1975 			 743 
1350 			 1657 			 471 
1365 			 1699 			 467 
392 			 835 			 161 

 Validation 
Labels predicted: 	 True targets: 	 Correct labels: 
450 			 266 			 126 
247 			 262 			 66 
302 			 260 			 87 
131 			 186 			 33 
128 			 219 			 27 
26 			 91 			 5 

 Epoch 63: 
Training 
Labels predicted: 	 True targets: 	 Correct labels: 
2691 			 1995 			 838 
2228 			 2108 			 734 
2243 			 1975 			 743 
1350 			 1657 			 471 
1365 			 1699 			 467 
392 			 835 			 161 

 Validation 
Labels predicted: 	 True targets: 	 Correct labels: 
450 			 266 			 126 
247 			 262 			 66 
302 			 260 			 87 
131 			 186 			 33 
128 			 219 			 27 
26 			 91 			 5 

 Epoch 64: 
Training 
Labels predicted: 	 True targets: 	 Correct labels: 
2691 			 1995 			 838 
2228 			 2108 			 734 
2243 			 1975 			 743 
1350 			 1657 			 471 
1365 			 1699 			 467 
392 			 835 			 161 

 Validation 
Labels predicted: 	 True targets: 	 Correct labels: 
450 			 266 			 126 
247 			 262 			 66 
302 			 260 			 87 
131 			 186 			 33 
128 			 219 			 27 
26 			 91 			 5 

 Epoch 65: 
Training 
Labels predicted: 	 True targets: 	 Correct labels: 
2691 			 1995 			 838 
2228 			 2108 			 734 
2243 			 1975 			 743 
1350 			 1657 			 471 
1365 			 1699 			 467 
392 			 835 			 161 

 Validation 
Labels predicted: 	 True targets: 	 Correct labels: 
450 			 266 			 126 
247 			 262 			 66 
302 			 260 			 87 
131 			 186 			 33 
128 			 219 			 27 
26 			 91 			 5 

 Epoch 66: 
Training 
Labels predicted: 	 True targets: 	 Correct labels: 
2691 			 1995 			 838 
2228 			 2108 			 734 
2243 			 1975 			 743 
1350 			 1657 			 471 
1365 			 1699 			 467 
392 			 835 			 161 

 Validation 
Labels predicted: 	 True targets: 	 Correct labels: 
450 			 266 			 126 
247 			 262 			 66 
302 			 260 			 87 
131 			 186 			 33 
128 			 219 			 27 
26 			 91 			 5 

 Epoch 67: 
Training 
Labels predicted: 	 True targets: 	 Correct labels: 
2691 			 1995 			 838 
2228 			 2108 			 734 
2243 			 1975 			 743 
1350 			 1657 			 471 
1365 			 1699 			 467 
392 			 835 			 161 

 Validation 
Labels predicted: 	 True targets: 	 Correct labels: 
450 			 266 			 126 
247 			 262 			 66 
302 			 260 			 87 
131 			 186 			 33 
128 			 219 			 27 
26 			 91 			 5 

 Epoch 68: 
Training 
Labels predicted: 	 True targets: 	 Correct labels: 
2691 			 1995 			 838 
2228 			 2108 			 734 
2243 			 1975 			 743 
1350 			 1657 			 471 
1365 			 1699 			 467 
392 			 835 			 161 

 Validation 
Labels predicted: 	 True targets: 	 Correct labels: 
450 			 266 			 126 
247 			 262 			 66 
302 			 260 			 87 
131 			 186 			 33 
128 			 219 			 27 
26 			 91 			 5 

 Epoch 69: 
Training 
Labels predicted: 	 True targets: 	 Correct labels: 
2691 			 1995 			 838 
2228 			 2108 			 734 
2243 			 1975 			 743 
1350 			 1657 			 471 
1365 			 1699 			 467 
392 			 835 			 161 

 Validation 
Labels predicted: 	 True targets: 	 Correct labels: 
450 			 266 			 126 
247 			 262 			 66 
302 			 260 			 87 
131 			 186 			 33 
128 			 219 			 27 
26 			 91 			 5 

 Epoch 70: 
Training 
Labels predicted: 	 True targets: 	 Correct labels: 
2691 			 1995 			 838 
2228 			 2108 			 734 
2243 			 1975 			 743 
1350 			 1657 			 471 
1365 			 1699 			 467 
392 			 835 			 161 

 Validation 
Labels predicted: 	 True targets: 	 Correct labels: 
450 			 266 			 126 
247 			 262 			 66 
302 			 260 			 87 
131 			 186 			 33 
128 			 219 			 27 
26 			 91 			 5 

 Epoch 71: 
Training 
Labels predicted: 	 True targets: 	 Correct labels: 
2691 			 1995 			 838 
2228 			 2108 			 734 
2243 			 1975 			 743 
1350 			 1657 			 471 
1365 			 1699 			 467 
392 			 835 			 161 

 Validation 
Labels predicted: 	 True targets: 	 Correct labels: 
450 			 266 			 126 
247 			 262 			 66 
302 			 260 			 87 
131 			 186 			 33 
128 			 219 			 27 
26 			 91 			 5 

 Epoch 72: 
Training 
Labels predicted: 	 True targets: 	 Correct labels: 
2691 			 1995 			 838 
2228 			 2108 			 734 
2243 			 1975 			 743 
1350 			 1657 			 471 
1365 			 1699 			 467 
392 			 835 			 161 

 Validation 
Labels predicted: 	 True targets: 	 Correct labels: 
450 			 266 			 126 
247 			 262 			 66 
302 			 260 			 87 
131 			 186 			 33 
128 			 219 			 27 
26 			 91 			 5 

 Epoch 73: 
Training 
Labels predicted: 	 True targets: 	 Correct labels: 
2691 			 1995 			 838 
2228 			 2108 			 734 
2243 			 1975 			 743 
1350 			 1657 			 471 
1365 			 1699 			 467 
392 			 835 			 161 

 Validation 
Labels predicted: 	 True targets: 	 Correct labels: 
450 			 266 			 126 
247 			 262 			 66 
302 			 260 			 87 
131 			 186 			 33 
128 			 219 			 27 
26 			 91 			 5 

 Epoch 74: 
Training 
Labels predicted: 	 True targets: 	 Correct labels: 
2691 			 1995 			 838 
2228 			 2108 			 734 
2243 			 1975 			 743 
1350 			 1657 			 471 
1365 			 1699 			 467 
392 			 835 			 161 

 Validation 
Labels predicted: 	 True targets: 	 Correct labels: 
450 			 266 			 126 
247 			 262 			 66 
302 			 260 			 87 
131 			 186 			 33 
128 			 219 			 27 
26 			 91 			 5 

 Epoch 75: 
Training 
Labels predicted: 	 True targets: 	 Correct labels: 
2691 			 1995 			 838 
2228 			 2108 			 734 
2243 			 1975 			 743 
1350 			 1657 			 471 
1365 			 1699 			 467 
392 			 835 			 161 

 Validation 
Labels predicted: 	 True targets: 	 Correct labels: 
450 			 266 			 126 
247 			 262 			 66 
302 			 260 			 87 
131 			 186 			 33 
128 			 219 			 27 
26 			 91 			 5 

 Epoch 76: 
Training 
Labels predicted: 	 True targets: 	 Correct labels: 
2691 			 1995 			 838 
2228 			 2108 			 734 
2243 			 1975 			 743 
1350 			 1657 			 471 
1365 			 1699 			 467 
392 			 835 			 161 

 Validation 
Labels predicted: 	 True targets: 	 Correct labels: 
450 			 266 			 126 
247 			 262 			 66 
302 			 260 			 87 
131 			 186 			 33 
128 			 219 			 27 
26 			 91 			 5 

 Epoch 77: 
Training 
Labels predicted: 	 True targets: 	 Correct labels: 
2691 			 1995 			 838 
2228 			 2108 			 734 
2243 			 1975 			 743 
1350 			 1657 			 471 
1365 			 1699 			 467 
392 			 835 			 161 

 Validation 
Labels predicted: 	 True targets: 	 Correct labels: 
450 			 266 			 126 
247 			 262 			 66 
302 			 260 			 87 
131 			 186 			 33 
128 			 219 			 27 
26 			 91 			 5 

 Epoch 78: 
Training 
Labels predicted: 	 True targets: 	 Correct labels: 
2691 			 1995 			 838 
2228 			 2108 			 734 
2243 			 1975 			 743 
1350 			 1657 			 471 
1365 			 1699 			 467 
392 			 835 			 161 

 Validation 
Labels predicted: 	 True targets: 	 Correct labels: 
450 			 266 			 126 
247 			 262 			 66 
302 			 260 			 87 
131 			 186 			 33 
128 			 219 			 27 
26 			 91 			 5 

 Epoch 79: 
Training 
Labels predicted: 	 True targets: 	 Correct labels: 
2691 			 1995 			 838 
2228 			 2108 			 734 
2243 			 1975 			 743 
1350 			 1657 			 471 
1365 			 1699 			 467 
392 			 835 			 161 

 Validation 
Labels predicted: 	 True targets: 	 Correct labels: 
450 			 266 			 126 
247 			 262 			 66 
302 			 260 			 87 
131 			 186 			 33 
128 			 219 			 27 
26 			 91 			 5 

 Epoch 80: 
Training 
Labels predicted: 	 True targets: 	 Correct labels: 
2691 			 1995 			 838 
2228 			 2108 			 734 
2243 			 1975 			 743 
1350 			 1657 			 471 
1365 			 1699 			 467 
392 			 835 			 161 

 Validation 
Labels predicted: 	 True targets: 	 Correct labels: 
450 			 266 			 126 
247 			 262 			 66 
302 			 260 			 87 
131 			 186 			 33 
128 			 219 			 27 
26 			 91 			 5 

 Epoch 81: 
Training 
Labels predicted: 	 True targets: 	 Correct labels: 
2691 			 1995 			 838 
2228 			 2108 			 734 
2243 			 1975 			 743 
1350 			 1657 			 471 
1365 			 1699 			 467 
392 			 835 			 161 

 Validation 
Labels predicted: 	 True targets: 	 Correct labels: 
450 			 266 			 126 
247 			 262 			 66 
302 			 260 			 87 
131 			 186 			 33 
128 			 219 			 27 
26 			 91 			 5 

 Epoch 82: 
Training 
Labels predicted: 	 True targets: 	 Correct labels: 
2691 			 1995 			 838 
2228 			 2108 			 734 
2243 			 1975 			 743 
1350 			 1657 			 471 
1365 			 1699 			 467 
392 			 835 			 161 

 Validation 
Labels predicted: 	 True targets: 	 Correct labels: 
450 			 266 			 126 
247 			 262 			 66 
302 			 260 			 87 
131 			 186 			 33 
128 			 219 			 27 
26 			 91 			 5 

 Epoch 83: 
Training 
Labels predicted: 	 True targets: 	 Correct labels: 
2691 			 1995 			 838 
2228 			 2108 			 734 
2243 			 1975 			 743 
1350 			 1657 			 471 
1365 			 1699 			 467 
392 			 835 			 161 

 Validation 
Labels predicted: 	 True targets: 	 Correct labels: 
450 			 266 			 126 
247 			 262 			 66 
302 			 260 			 87 
131 			 186 			 33 
128 			 219 			 27 
26 			 91 			 5 

 Epoch 84: 
Training 
Labels predicted: 	 True targets: 	 Correct labels: 
2691 			 1995 			 838 
2228 			 2108 			 734 
2243 			 1975 			 743 
1350 			 1657 			 471 
1365 			 1699 			 467 
392 			 835 			 161 

 Validation 
Labels predicted: 	 True targets: 	 Correct labels: 
450 			 266 			 126 
247 			 262 			 66 
302 			 260 			 87 
131 			 186 			 33 
128 			 219 			 27 
26 			 91 			 5 

 Epoch 85: 
Training 
Labels predicted: 	 True targets: 	 Correct labels: 
2691 			 1995 			 838 
2228 			 2108 			 734 
2243 			 1975 			 743 
1350 			 1657 			 471 
1365 			 1699 			 467 
392 			 835 			 161 

 Validation 
Labels predicted: 	 True targets: 	 Correct labels: 
450 			 266 			 126 
247 			 262 			 66 
302 			 260 			 87 
131 			 186 			 33 
128 			 219 			 27 
26 			 91 			 5 

 Epoch 86: 
Training 
Labels predicted: 	 True targets: 	 Correct labels: 
2691 			 1995 			 838 
2228 			 2108 			 734 
2243 			 1975 			 743 
1350 			 1657 			 471 
1365 			 1699 			 467 
392 			 835 			 161 

 Validation 
Labels predicted: 	 True targets: 	 Correct labels: 
450 			 266 			 126 
247 			 262 			 66 
302 			 260 			 87 
131 			 186 			 33 
128 			 219 			 27 
26 			 91 			 5 

 Epoch 87: 
Training 
Labels predicted: 	 True targets: 	 Correct labels: 
2691 			 1995 			 838 
2228 			 2108 			 734 
2243 			 1975 			 743 
1350 			 1657 			 471 
1365 			 1699 			 467 
392 			 835 			 161 

 Validation 
Labels predicted: 	 True targets: 	 Correct labels: 
450 			 266 			 126 
247 			 262 			 66 
302 			 260 			 87 
131 			 186 			 33 
128 			 219 			 27 
26 			 91 			 5 

 Epoch 88: 
Training 
Labels predicted: 	 True targets: 	 Correct labels: 
2691 			 1995 			 838 
2228 			 2108 			 734 
2243 			 1975 			 743 
1350 			 1657 			 471 
1365 			 1699 			 467 
392 			 835 			 161 

 Validation 
Labels predicted: 	 True targets: 	 Correct labels: 
450 			 266 			 126 
247 			 262 			 66 
302 			 260 			 87 
131 			 186 			 33 
128 			 219 			 27 
26 			 91 			 5 

 Epoch 89: 
Training 
Labels predicted: 	 True targets: 	 Correct labels: 
2691 			 1995 			 838 
2228 			 2108 			 734 
2243 			 1975 			 743 
1350 			 1657 			 471 
1365 			 1699 			 467 
392 			 835 			 161 

 Validation 
Labels predicted: 	 True targets: 	 Correct labels: 
450 			 266 			 126 
247 			 262 			 66 
302 			 260 			 87 
131 			 186 			 33 
128 			 219 			 27 
26 			 91 			 5 

 Epoch 90: 
Training 
Labels predicted: 	 True targets: 	 Correct labels: 
2691 			 1995 			 838 
2228 			 2108 			 734 
2243 			 1975 			 743 
1350 			 1657 			 471 
1365 			 1699 			 467 
392 			 835 			 161 

 Validation 
Labels predicted: 	 True targets: 	 Correct labels: 
450 			 266 			 126 
247 			 262 			 66 
302 			 260 			 87 
131 			 186 			 33 
128 			 219 			 27 
26 			 91 			 5 

 Epoch 91: 
Training 
Labels predicted: 	 True targets: 	 Correct labels: 
2691 			 1995 			 838 
2228 			 2108 			 734 
2243 			 1975 			 743 
1350 			 1657 			 471 
1365 			 1699 			 467 
392 			 835 			 161 

 Validation 
Labels predicted: 	 True targets: 	 Correct labels: 
450 			 266 			 126 
247 			 262 			 66 
302 			 260 			 87 
131 			 186 			 33 
128 			 219 			 27 
26 			 91 			 5 

 Epoch 92: 
Training 
Labels predicted: 	 True targets: 	 Correct labels: 
2691 			 1995 			 838 
2228 			 2108 			 734 
2243 			 1975 			 743 
1350 			 1657 			 471 
1365 			 1699 			 467 
392 			 835 			 161 

 Validation 
Labels predicted: 	 True targets: 	 Correct labels: 
450 			 266 			 126 
247 			 262 			 66 
302 			 260 			 87 
131 			 186 			 33 
128 			 219 			 27 
26 			 91 			 5 

 Epoch 93: 
Training 
Labels predicted: 	 True targets: 	 Correct labels: 
2691 			 1995 			 838 
2228 			 2108 			 734 
2243 			 1975 			 743 
1350 			 1657 			 471 
1365 			 1699 			 467 
392 			 835 			 161 

 Validation 
Labels predicted: 	 True targets: 	 Correct labels: 
450 			 266 			 126 
247 			 262 			 66 
302 			 260 			 87 
131 			 186 			 33 
128 			 219 			 27 
26 			 91 			 5 

 Epoch 94: 
Training 
Labels predicted: 	 True targets: 	 Correct labels: 
2691 			 1995 			 838 
2228 			 2108 			 734 
2243 			 1975 			 743 
1350 			 1657 			 471 
1365 			 1699 			 467 
392 			 835 			 161 

 Validation 
Labels predicted: 	 True targets: 	 Correct labels: 
450 			 266 			 126 
247 			 262 			 66 
302 			 260 			 87 
131 			 186 			 33 
128 			 219 			 27 
26 			 91 			 5 

 Epoch 95: 
Training 
Labels predicted: 	 True targets: 	 Correct labels: 
2691 			 1995 			 838 
2228 			 2108 			 734 
2243 			 1975 			 743 
1350 			 1657 			 471 
1365 			 1699 			 467 
392 			 835 			 161 

 Validation 
Labels predicted: 	 True targets: 	 Correct labels: 
450 			 266 			 126 
247 			 262 			 66 
302 			 260 			 87 
131 			 186 			 33 
128 			 219 			 27 
26 			 91 			 5 

 Epoch 96: 
Training 
Labels predicted: 	 True targets: 	 Correct labels: 
2691 			 1995 			 838 
2228 			 2108 			 734 
2243 			 1975 			 743 
1350 			 1657 			 471 
1365 			 1699 			 467 
392 			 835 			 161 

 Validation 
Labels predicted: 	 True targets: 	 Correct labels: 
450 			 266 			 126 
247 			 262 			 66 
302 			 260 			 87 
131 			 186 			 33 
128 			 219 			 27 
26 			 91 			 5 

 Epoch 97: 
Training 
Labels predicted: 	 True targets: 	 Correct labels: 
2691 			 1995 			 838 
2228 			 2108 			 734 
2243 			 1975 			 743 
1350 			 1657 			 471 
1365 			 1699 			 467 
392 			 835 			 161 

 Validation 
Labels predicted: 	 True targets: 	 Correct labels: 
450 			 266 			 126 
247 			 262 			 66 
302 			 260 			 87 
131 			 186 			 33 
128 			 219 			 27 
26 			 91 			 5 

 Epoch 98: 
Training 
Labels predicted: 	 True targets: 	 Correct labels: 
2691 			 1995 			 838 
2228 			 2108 			 734 
2243 			 1975 			 743 
1350 			 1657 			 471 
1365 			 1699 			 467 
392 			 835 			 161 

 Validation 
Labels predicted: 	 True targets: 	 Correct labels: 
450 			 266 			 126 
247 			 262 			 66 
302 			 260 			 87 
131 			 186 			 33 
128 			 219 			 27 
26 			 91 			 5 

 Epoch 99: 
Training 
Labels predicted: 	 True targets: 	 Correct labels: 
2691 			 1995 			 838 
2228 			 2108 			 734 
2243 			 1975 			 743 
1350 			 1657 			 471 
1365 			 1699 			 467 
392 			 835 			 161 

 Validation 
Labels predicted: 	 True targets: 	 Correct labels: 
450 			 266 			 126 
247 			 262 			 66 
302 			 260 			 87 
131 			 186 			 33 
128 			 219 			 27 
26 			 91 			 5 

 Epoch 100: 
Training 
Labels predicted: 	 True targets: 	 Correct labels: 
2691 			 1995 			 838 
2228 			 2108 			 734 
2243 			 1975 			 743 
1350 			 1657 			 471 
1365 			 1699 			 467 
392 			 835 			 161 

 Validation 
Labels predicted: 	 True targets: 	 Correct labels: 
450 			 266 			 126 
247 			 262 			 66 
302 			 260 			 87 
131 			 186 			 33 
128 			 219 			 27 
26 			 91 			 5 

 Epoch 101: 
Training 
Labels predicted: 	 True targets: 	 Correct labels: 
2691 			 1995 			 838 
2228 			 2108 			 734 
2243 			 1975 			 743 
1350 			 1657 			 471 
1365 			 1699 			 467 
392 			 835 			 161 

 Validation 
Labels predicted: 	 True targets: 	 Correct labels: 
450 			 266 			 126 
247 			 262 			 66 
302 			 260 			 87 
131 			 186 			 33 
128 			 219 			 27 
26 			 91 			 5 

 Epoch 102: 
Training 
Labels predicted: 	 True targets: 	 Correct labels: 
2691 			 1995 			 838 
2228 			 2108 			 734 
2243 			 1975 			 743 
1350 			 1657 			 471 
1365 			 1699 			 467 
392 			 835 			 161 

 Validation 
Labels predicted: 	 True targets: 	 Correct labels: 
450 			 266 			 126 
247 			 262 			 66 
302 			 260 			 87 
131 			 186 			 33 
128 			 219 			 27 
26 			 91 			 5 

 Epoch 103: 
Training 
Labels predicted: 	 True targets: 	 Correct labels: 
2691 			 1995 			 838 
2228 			 2108 			 734 
2243 			 1975 			 743 
1350 			 1657 			 471 
1365 			 1699 			 467 
392 			 835 			 161 

 Validation 
Labels predicted: 	 True targets: 	 Correct labels: 
450 			 266 			 126 
247 			 262 			 66 
302 			 260 			 87 
131 			 186 			 33 
128 			 219 			 27 
26 			 91 			 5 

 Epoch 104: 
Training 
Labels predicted: 	 True targets: 	 Correct labels: 
2691 			 1995 			 838 
2228 			 2108 			 734 
2243 			 1975 			 743 
1350 			 1657 			 471 
1365 			 1699 			 467 
392 			 835 			 161 

 Validation 
Labels predicted: 	 True targets: 	 Correct labels: 
450 			 266 			 126 
247 			 262 			 66 
302 			 260 			 87 
131 			 186 			 33 
128 			 219 			 27 
26 			 91 			 5 

 Epoch 105: 
Training 
Labels predicted: 	 True targets: 	 Correct labels: 
2691 			 1995 			 838 
2228 			 2108 			 734 
2243 			 1975 			 743 
1350 			 1657 			 471 
1365 			 1699 			 467 
392 			 835 			 161 

 Validation 
Labels predicted: 	 True targets: 	 Correct labels: 
450 			 266 			 126 
247 			 262 			 66 
302 			 260 			 87 
131 			 186 			 33 
128 			 219 			 27 
26 			 91 			 5 

 Epoch 106: 
Training 
Labels predicted: 	 True targets: 	 Correct labels: 
2691 			 1995 			 838 
2228 			 2108 			 734 
2243 			 1975 			 743 
1350 			 1657 			 471 
1365 			 1699 			 467 
392 			 835 			 161 

 Validation 
Labels predicted: 	 True targets: 	 Correct labels: 
450 			 266 			 126 
247 			 262 			 66 
302 			 260 			 87 
131 			 186 			 33 
128 			 219 			 27 
26 			 91 			 5 

 Epoch 107: 
Training 
Labels predicted: 	 True targets: 	 Correct labels: 
2691 			 1995 			 838 
2228 			 2108 			 734 
2243 			 1975 			 743 
1350 			 1657 			 471 
1365 			 1699 			 467 
392 			 835 			 161 

 Validation 
Labels predicted: 	 True targets: 	 Correct labels: 
450 			 266 			 126 
247 			 262 			 66 
302 			 260 			 87 
131 			 186 			 33 
128 			 219 			 27 
26 			 91 			 5 

 Epoch 108: 
Training 
Labels predicted: 	 True targets: 	 Correct labels: 
2691 			 1995 			 838 
2228 			 2108 			 734 
2243 			 1975 			 743 
1350 			 1657 			 471 
1365 			 1699 			 467 
392 			 835 			 161 

 Validation 
Labels predicted: 	 True targets: 	 Correct labels: 
450 			 266 			 126 
247 			 262 			 66 
302 			 260 			 87 
131 			 186 			 33 
128 			 219 			 27 
26 			 91 			 5 

 Epoch 109: 
Training 
Labels predicted: 	 True targets: 	 Correct labels: 
2691 			 1995 			 838 
2228 			 2108 			 734 
2243 			 1975 			 743 
1350 			 1657 			 471 
1365 			 1699 			 467 
392 			 835 			 161 

 Validation 
Labels predicted: 	 True targets: 	 Correct labels: 
450 			 266 			 126 
247 			 262 			 66 
302 			 260 			 87 
131 			 186 			 33 
128 			 219 			 27 
26 			 91 			 5 

 Epoch 110: 
Training 
Labels predicted: 	 True targets: 	 Correct labels: 
2691 			 1995 			 838 
2228 			 2108 			 734 
2243 			 1975 			 743 
1350 			 1657 			 471 
1365 			 1699 			 467 
392 			 835 			 161 

 Validation 
Labels predicted: 	 True targets: 	 Correct labels: 
450 			 266 			 126 
247 			 262 			 66 
302 			 260 			 87 
131 			 186 			 33 
128 			 219 			 27 
26 			 91 			 5 

 Epoch 111: 
Training 
Labels predicted: 	 True targets: 	 Correct labels: 
2691 			 1995 			 838 
2228 			 2108 			 734 
2243 			 1975 			 743 
1350 			 1657 			 471 
1365 			 1699 			 467 
392 			 835 			 161 

 Validation 
Labels predicted: 	 True targets: 	 Correct labels: 
450 			 266 			 126 
247 			 262 			 66 
302 			 260 			 87 
131 			 186 			 33 
128 			 219 			 27 
26 			 91 			 5 

 Epoch 112: 
Training 
Labels predicted: 	 True targets: 	 Correct labels: 
2691 			 1995 			 838 
2228 			 2108 			 734 
2243 			 1975 			 743 
1350 			 1657 			 471 
1365 			 1699 			 467 
392 			 835 			 161 

 Validation 
Labels predicted: 	 True targets: 	 Correct labels: 
450 			 266 			 126 
247 			 262 			 66 
302 			 260 			 87 
131 			 186 			 33 
128 			 219 			 27 
26 			 91 			 5 

 Epoch 113: 
Training 
Labels predicted: 	 True targets: 	 Correct labels: 
2691 			 1995 			 838 
2228 			 2108 			 734 
2243 			 1975 			 743 
1350 			 1657 			 471 
1365 			 1699 			 467 
392 			 835 			 161 

 Validation 
Labels predicted: 	 True targets: 	 Correct labels: 
450 			 266 			 126 
247 			 262 			 66 
302 			 260 			 87 
131 			 186 			 33 
128 			 219 			 27 
26 			 91 			 5 

 Epoch 114: 
Training 
Labels predicted: 	 True targets: 	 Correct labels: 
2691 			 1995 			 838 
2228 			 2108 			 734 
2243 			 1975 			 743 
1350 			 1657 			 471 
1365 			 1699 			 467 
392 			 835 			 161 

 Validation 
Labels predicted: 	 True targets: 	 Correct labels: 
450 			 266 			 126 
247 			 262 			 66 
302 			 260 			 87 
131 			 186 			 33 
128 			 219 			 27 
26 			 91 			 5 

 Epoch 115: 
Training 
Labels predicted: 	 True targets: 	 Correct labels: 
2691 			 1995 			 838 
2228 			 2108 			 734 
2243 			 1975 			 743 
1350 			 1657 			 471 
1365 			 1699 			 467 
392 			 835 			 161 

 Validation 
Labels predicted: 	 True targets: 	 Correct labels: 
450 			 266 			 126 
247 			 262 			 66 
302 			 260 			 87 
131 			 186 			 33 
128 			 219 			 27 
26 			 91 			 5 

 Epoch 116: 
Training 
Labels predicted: 	 True targets: 	 Correct labels: 
2691 			 1995 			 838 
2228 			 2108 			 734 
2243 			 1975 			 743 
1350 			 1657 			 471 
1365 			 1699 			 467 
392 			 835 			 161 

 Validation 
Labels predicted: 	 True targets: 	 Correct labels: 
450 			 266 			 126 
247 			 262 			 66 
302 			 260 			 87 
131 			 186 			 33 
128 			 219 			 27 
26 			 91 			 5 

 Epoch 117: 
Training 
Labels predicted: 	 True targets: 	 Correct labels: 
2691 			 1995 			 838 
2228 			 2108 			 734 
2243 			 1975 			 743 
1350 			 1657 			 471 
1365 			 1699 			 467 
392 			 835 			 161 

 Validation 
Labels predicted: 	 True targets: 	 Correct labels: 
450 			 266 			 126 
247 			 262 			 66 
302 			 260 			 87 
131 			 186 			 33 
128 			 219 			 27 
26 			 91 			 5 

 Epoch 118: 
Training 
Labels predicted: 	 True targets: 	 Correct labels: 
2691 			 1995 			 838 
2228 			 2108 			 734 
2243 			 1975 			 743 
1350 			 1657 			 471 
1365 			 1699 			 467 
392 			 835 			 161 

 Validation 
Labels predicted: 	 True targets: 	 Correct labels: 
450 			 266 			 126 
247 			 262 			 66 
302 			 260 			 87 
131 			 186 			 33 
128 			 219 			 27 
26 			 91 			 5 

 Epoch 119: 
Training 
Labels predicted: 	 True targets: 	 Correct labels: 
2691 			 1995 			 838 
2228 			 2108 			 734 
2243 			 1975 			 743 
1350 			 1657 			 471 
1365 			 1699 			 467 
392 			 835 			 161 

 Validation 
Labels predicted: 	 True targets: 	 Correct labels: 
450 			 266 			 126 
247 			 262 			 66 
302 			 260 			 87 
131 			 186 			 33 
128 			 219 			 27 
26 			 91 			 5 

 Epoch 120: 
Training 
Labels predicted: 	 True targets: 	 Correct labels: 
2691 			 1995 			 838 
2228 			 2108 			 734 
2243 			 1975 			 743 
1350 			 1657 			 471 
1365 			 1699 			 467 
392 			 835 			 161 

 Validation 
Labels predicted: 	 True targets: 	 Correct labels: 
450 			 266 			 126 
247 			 262 			 66 
302 			 260 			 87 
131 			 186 			 33 
128 			 219 			 27 
26 			 91 			 5 

 Epoch 121: 
Training 
Labels predicted: 	 True targets: 	 Correct labels: 
2691 			 1995 			 838 
2228 			 2108 			 734 
2243 			 1975 			 743 
1350 			 1657 			 471 
1365 			 1699 			 467 
392 			 835 			 161 

 Validation 
Labels predicted: 	 True targets: 	 Correct labels: 
450 			 266 			 126 
247 			 262 			 66 
302 			 260 			 87 
131 			 186 			 33 
128 			 219 			 27 
26 			 91 			 5 

 Epoch 122: 
Training 
Labels predicted: 	 True targets: 	 Correct labels: 
2691 			 1995 			 838 
2228 			 2108 			 734 
2243 			 1975 			 743 
1350 			 1657 			 471 
1365 			 1699 			 467 
392 			 835 			 161 

 Validation 
Labels predicted: 	 True targets: 	 Correct labels: 
450 			 266 			 126 
247 			 262 			 66 
302 			 260 			 87 
131 			 186 			 33 
128 			 219 			 27 
26 			 91 			 5 

 Epoch 123: 
Training 
Labels predicted: 	 True targets: 	 Correct labels: 
2691 			 1995 			 838 
2228 			 2108 			 734 
2243 			 1975 			 743 
1350 			 1657 			 471 
1365 			 1699 			 467 
392 			 835 			 161 

 Validation 
Labels predicted: 	 True targets: 	 Correct labels: 
450 			 266 			 126 
247 			 262 			 66 
302 			 260 			 87 
131 			 186 			 33 
128 			 219 			 27 
26 			 91 			 5 

 Epoch 124: 
Training 
Labels predicted: 	 True targets: 	 Correct labels: 
2691 			 1995 			 838 
2228 			 2108 			 734 
2243 			 1975 			 743 
1350 			 1657 			 471 
1365 			 1699 			 467 
392 			 835 			 161 

 Validation 
Labels predicted: 	 True targets: 	 Correct labels: 
450 			 266 			 126 
247 			 262 			 66 
302 			 260 			 87 
131 			 186 			 33 
128 			 219 			 27 
26 			 91 			 5 

 Epoch 125: 
Training 
Labels predicted: 	 True targets: 	 Correct labels: 
2691 			 1995 			 838 
2228 			 2108 			 734 
2243 			 1975 			 743 
1350 			 1657 			 471 
1365 			 1699 			 467 
392 			 835 			 161 

 Validation 
Labels predicted: 	 True targets: 	 Correct labels: 
450 			 266 			 126 
247 			 262 			 66 
302 			 260 			 87 
131 			 186 			 33 
128 			 219 			 27 
26 			 91 			 5 

 Epoch 126: 
Training 
Labels predicted: 	 True targets: 	 Correct labels: 
2691 			 1995 			 838 
2228 			 2108 			 734 
2243 			 1975 			 743 
1350 			 1657 			 471 
1365 			 1699 			 467 
392 			 835 			 161 

 Validation 
Labels predicted: 	 True targets: 	 Correct labels: 
450 			 266 			 126 
247 			 262 			 66 
302 			 260 			 87 
131 			 186 			 33 
128 			 219 			 27 
26 			 91 			 5 

 Epoch 127: 
Training 
Labels predicted: 	 True targets: 	 Correct labels: 
2691 			 1995 			 838 
2228 			 2108 			 734 
2243 			 1975 			 743 
1350 			 1657 			 471 
1365 			 1699 			 467 
392 			 835 			 161 

 Validation 
Labels predicted: 	 True targets: 	 Correct labels: 
450 			 266 			 126 
247 			 262 			 66 
302 			 260 			 87 
131 			 186 			 33 
128 			 219 			 27 
26 			 91 			 5 

 Epoch 128: 
Training 
Labels predicted: 	 True targets: 	 Correct labels: 
2691 			 1995 			 838 
2228 			 2108 			 734 
2243 			 1975 			 743 
1350 			 1657 			 471 
1365 			 1699 			 467 
392 			 835 			 161 

 Validation 
Labels predicted: 	 True targets: 	 Correct labels: 
450 			 266 			 126 
247 			 262 			 66 
302 			 260 			 87 
131 			 186 			 33 
128 			 219 			 27 
26 			 91 			 5 

 Epoch 129: 
Training 
Labels predicted: 	 True targets: 	 Correct labels: 
2691 			 1995 			 838 
2228 			 2108 			 734 
2243 			 1975 			 743 
1350 			 1657 			 471 
1365 			 1699 			 467 
392 			 835 			 161 

 Validation 
Labels predicted: 	 True targets: 	 Correct labels: 
450 			 266 			 126 
247 			 262 			 66 
302 			 260 			 87 
131 			 186 			 33 
128 			 219 			 27 
26 			 91 			 5 

 Epoch 130: 
Training 
Labels predicted: 	 True targets: 	 Correct labels: 
2691 			 1995 			 838 
2228 			 2108 			 734 
2243 			 1975 			 743 
1350 			 1657 			 471 
1365 			 1699 			 467 
392 			 835 			 161 

 Validation 
Labels predicted: 	 True targets: 	 Correct labels: 
450 			 266 			 126 
247 			 262 			 66 
302 			 260 			 87 
131 			 186 			 33 
128 			 219 			 27 
26 			 91 			 5 

 Epoch 131: 
Training 
Labels predicted: 	 True targets: 	 Correct labels: 
2691 			 1995 			 838 
2228 			 2108 			 734 
2243 			 1975 			 743 
1350 			 1657 			 471 
1365 			 1699 			 467 
392 			 835 			 161 

 Validation 
Labels predicted: 	 True targets: 	 Correct labels: 
450 			 266 			 126 
247 			 262 			 66 
302 			 260 			 87 
131 			 186 			 33 
128 			 219 			 27 
26 			 91 			 5 

 Epoch 132: 
Training 
Labels predicted: 	 True targets: 	 Correct labels: 
2691 			 1995 			 838 
2228 			 2108 			 734 
2243 			 1975 			 743 
1350 			 1657 			 471 
1365 			 1699 			 467 
392 			 835 			 161 

 Validation 
Labels predicted: 	 True targets: 	 Correct labels: 
450 			 266 			 126 
247 			 262 			 66 
302 			 260 			 87 
131 			 186 			 33 
128 			 219 			 27 
26 			 91 			 5 

 Epoch 133: 
Training 
Labels predicted: 	 True targets: 	 Correct labels: 
2691 			 1995 			 838 
2228 			 2108 			 734 
2243 			 1975 			 743 
1350 			 1657 			 471 
1365 			 1699 			 467 
392 			 835 			 161 

 Validation 
Labels predicted: 	 True targets: 	 Correct labels: 
450 			 266 			 126 
247 			 262 			 66 
302 			 260 			 87 
131 			 186 			 33 
128 			 219 			 27 
26 			 91 			 5 

 Epoch 134: 
Training 
Labels predicted: 	 True targets: 	 Correct labels: 
2691 			 1995 			 838 
2228 			 2108 			 734 
2243 			 1975 			 743 
1350 			 1657 			 471 
1365 			 1699 			 467 
392 			 835 			 161 

 Validation 
Labels predicted: 	 True targets: 	 Correct labels: 
450 			 266 			 126 
247 			 262 			 66 
302 			 260 			 87 
131 			 186 			 33 
128 			 219 			 27 
26 			 91 			 5 

 Epoch 135: 
Training 
Labels predicted: 	 True targets: 	 Correct labels: 
2691 			 1995 			 838 
2228 			 2108 			 734 
2243 			 1975 			 743 
1350 			 1657 			 471 
1365 			 1699 			 467 
392 			 835 			 161 

 Validation 
Labels predicted: 	 True targets: 	 Correct labels: 
450 			 266 			 126 
247 			 262 			 66 
302 			 260 			 87 
131 			 186 			 33 
128 			 219 			 27 
26 			 91 			 5 

 Epoch 136: 
Training 
Labels predicted: 	 True targets: 	 Correct labels: 
2691 			 1995 			 838 
2228 			 2108 			 734 
2243 			 1975 			 743 
1350 			 1657 			 471 
1365 			 1699 			 467 
392 			 835 			 161 

 Validation 
Labels predicted: 	 True targets: 	 Correct labels: 
450 			 266 			 126 
247 			 262 			 66 
302 			 260 			 87 
131 			 186 			 33 
128 			 219 			 27 
26 			 91 			 5 

 Epoch 137: 
Training 
Labels predicted: 	 True targets: 	 Correct labels: 
2691 			 1995 			 838 
2228 			 2108 			 734 
2243 			 1975 			 743 
1350 			 1657 			 471 
1365 			 1699 			 467 
392 			 835 			 161 

 Validation 
Labels predicted: 	 True targets: 	 Correct labels: 
450 			 266 			 126 
247 			 262 			 66 
302 			 260 			 87 
131 			 186 			 33 
128 			 219 			 27 
26 			 91 			 5 

 Epoch 138: 
Training 
Labels predicted: 	 True targets: 	 Correct labels: 
2691 			 1995 			 838 
2228 			 2108 			 734 
2243 			 1975 			 743 
1350 			 1657 			 471 
1365 			 1699 			 467 
392 			 835 			 161 

 Validation 
Labels predicted: 	 True targets: 	 Correct labels: 
450 			 266 			 126 
247 			 262 			 66 
302 			 260 			 87 
131 			 186 			 33 
128 			 219 			 27 
26 			 91 			 5 

 Epoch 139: 
Training 
Labels predicted: 	 True targets: 	 Correct labels: 
2691 			 1995 			 838 
2228 			 2108 			 734 
2243 			 1975 			 743 
1350 			 1657 			 471 
1365 			 1699 			 467 
392 			 835 			 161 

 Validation 
Labels predicted: 	 True targets: 	 Correct labels: 
450 			 266 			 126 
247 			 262 			 66 
302 			 260 			 87 
131 			 186 			 33 
128 			 219 			 27 
26 			 91 			 5 

 Epoch 140: 
Training 
Labels predicted: 	 True targets: 	 Correct labels: 
2691 			 1995 			 838 
2228 			 2108 			 734 
2243 			 1975 			 743 
1350 			 1657 			 471 
1365 			 1699 			 467 
392 			 835 			 161 

 Validation 
Labels predicted: 	 True targets: 	 Correct labels: 
450 			 266 			 126 
247 			 262 			 66 
302 			 260 			 87 
131 			 186 			 33 
128 			 219 			 27 
26 			 91 			 5 

 Epoch 141: 
Training 
Labels predicted: 	 True targets: 	 Correct labels: 
2691 			 1995 			 838 
2228 			 2108 			 734 
2243 			 1975 			 743 
1350 			 1657 			 471 
1365 			 1699 			 467 
392 			 835 			 161 

 Validation 
Labels predicted: 	 True targets: 	 Correct labels: 
450 			 266 			 126 
247 			 262 			 66 
302 			 260 			 87 
131 			 186 			 33 
128 			 219 			 27 
26 			 91 			 5 

 Epoch 142: 
Training 
Labels predicted: 	 True targets: 	 Correct labels: 
2691 			 1995 			 838 
2228 			 2108 			 734 
2243 			 1975 			 743 
1350 			 1657 			 471 
1365 			 1699 			 467 
392 			 835 			 161 

 Validation 
Labels predicted: 	 True targets: 	 Correct labels: 
450 			 266 			 126 
247 			 262 			 66 
302 			 260 			 87 
131 			 186 			 33 
128 			 219 			 27 
26 			 91 			 5 

 Epoch 143: 
Training 
Labels predicted: 	 True targets: 	 Correct labels: 
2691 			 1995 			 838 
2228 			 2108 			 734 
2243 			 1975 			 743 
1350 			 1657 			 471 
1365 			 1699 			 467 
392 			 835 			 161 

 Validation 
Labels predicted: 	 True targets: 	 Correct labels: 
450 			 266 			 126 
247 			 262 			 66 
302 			 260 			 87 
131 			 186 			 33 
128 			 219 			 27 
26 			 91 			 5 

 Epoch 144: 
Training 
Labels predicted: 	 True targets: 	 Correct labels: 
2691 			 1995 			 838 
2228 			 2108 			 734 
2243 			 1975 			 743 
1350 			 1657 			 471 
1365 			 1699 			 467 
392 			 835 			 161 

 Validation 
Labels predicted: 	 True targets: 	 Correct labels: 
450 			 266 			 126 
247 			 262 			 66 
302 			 260 			 87 
131 			 186 			 33 
128 			 219 			 27 
26 			 91 			 5 

 Epoch 145: 
Training 
Labels predicted: 	 True targets: 	 Correct labels: 
2691 			 1995 			 838 
2228 			 2108 			 734 
2243 			 1975 			 743 
1350 			 1657 			 471 
1365 			 1699 			 467 
392 			 835 			 161 

 Validation 
Labels predicted: 	 True targets: 	 Correct labels: 
450 			 266 			 126 
247 			 262 			 66 
302 			 260 			 87 
131 			 186 			 33 
128 			 219 			 27 
26 			 91 			 5 

 Epoch 146: 
Training 
Labels predicted: 	 True targets: 	 Correct labels: 
2691 			 1995 			 838 
2228 			 2108 			 734 
2243 			 1975 			 743 
1350 			 1657 			 471 
1365 			 1699 			 467 
392 			 835 			 161 

 Validation 
Labels predicted: 	 True targets: 	 Correct labels: 
450 			 266 			 126 
247 			 262 			 66 
302 			 260 			 87 
131 			 186 			 33 
128 			 219 			 27 
26 			 91 			 5 

 Epoch 147: 
Training 
Labels predicted: 	 True targets: 	 Correct labels: 
2691 			 1995 			 838 
2228 			 2108 			 734 
2243 			 1975 			 743 
1350 			 1657 			 471 
1365 			 1699 			 467 
392 			 835 			 161 

 Validation 
Labels predicted: 	 True targets: 	 Correct labels: 
450 			 266 			 126 
247 			 262 			 66 
302 			 260 			 87 
131 			 186 			 33 
128 			 219 			 27 
26 			 91 			 5 

 Epoch 148: 
Training 
Labels predicted: 	 True targets: 	 Correct labels: 
2691 			 1995 			 838 
2228 			 2108 			 734 
2243 			 1975 			 743 
1350 			 1657 			 471 
1365 			 1699 			 467 
392 			 835 			 161 

 Validation 
Labels predicted: 	 True targets: 	 Correct labels: 
450 			 266 			 126 
247 			 262 			 66 
302 			 260 			 87 
131 			 186 			 33 
128 			 219 			 27 
26 			 91 			 5 

 Epoch 149: 
Training 
Labels predicted: 	 True targets: 	 Correct labels: 
2691 			 1995 			 838 
2228 			 2108 			 734 
2243 			 1975 			 743 
1350 			 1657 			 471 
1365 			 1699 			 467 
392 			 835 			 161 

 Validation 
Labels predicted: 	 True targets: 	 Correct labels: 
450 			 266 			 126 
247 			 262 			 66 
302 			 260 			 87 
131 			 186 			 33 
128 			 219 			 27 
26 			 91 			 5 

 Epoch 150: 
Training 
Labels predicted: 	 True targets: 	 Correct labels: 
2691 			 1995 			 838 
2228 			 2108 			 734 
2243 			 1975 			 743 
1350 			 1657 			 471 
1365 			 1699 			 467 
392 			 835 			 161 

 Validation 
Labels predicted: 	 True targets: 	 Correct labels: 
450 			 266 			 126 
247 			 262 			 66 
302 			 260 			 87 
131 			 186 			 33 
128 			 219 			 27 
26 			 91 			 5 

 Epoch 151: 
Training 
Labels predicted: 	 True targets: 	 Correct labels: 
2691 			 1995 			 838 
2228 			 2108 			 734 
2243 			 1975 			 743 
1350 			 1657 			 471 
1365 			 1699 			 467 
392 			 835 			 161 

 Validation 
Labels predicted: 	 True targets: 	 Correct labels: 
450 			 266 			 126 
247 			 262 			 66 
302 			 260 			 87 
131 			 186 			 33 
128 			 219 			 27 
26 			 91 			 5 

 Epoch 152: 
Training 
Labels predicted: 	 True targets: 	 Correct labels: 
2691 			 1995 			 838 
2228 			 2108 			 734 
2243 			 1975 			 743 
1350 			 1657 			 471 
1365 			 1699 			 467 
392 			 835 			 161 

 Validation 
Labels predicted: 	 True targets: 	 Correct labels: 
450 			 266 			 126 
247 			 262 			 66 
302 			 260 			 87 
131 			 186 			 33 
128 			 219 			 27 
26 			 91 			 5 

 Epoch 153: 
Training 
Labels predicted: 	 True targets: 	 Correct labels: 
2691 			 1995 			 838 
2228 			 2108 			 734 
2243 			 1975 			 743 
1350 			 1657 			 471 
1365 			 1699 			 467 
392 			 835 			 161 

 Validation 
Labels predicted: 	 True targets: 	 Correct labels: 
450 			 266 			 126 
247 			 262 			 66 
302 			 260 			 87 
131 			 186 			 33 
128 			 219 			 27 
26 			 91 			 5 

 Epoch 154: 
Training 
Labels predicted: 	 True targets: 	 Correct labels: 
2691 			 1995 			 838 
2228 			 2108 			 734 
2243 			 1975 			 743 
1350 			 1657 			 471 
1365 			 1699 			 467 
392 			 835 			 161 

 Validation 
Labels predicted: 	 True targets: 	 Correct labels: 
450 			 266 			 126 
247 			 262 			 66 
302 			 260 			 87 
131 			 186 			 33 
128 			 219 			 27 
26 			 91 			 5 

 Epoch 155: 
Training 
Labels predicted: 	 True targets: 	 Correct labels: 
2691 			 1995 			 838 
2228 			 2108 			 734 
2243 			 1975 			 743 
1350 			 1657 			 471 
1365 			 1699 			 467 
392 			 835 			 161 

 Validation 
Labels predicted: 	 True targets: 	 Correct labels: 
450 			 266 			 126 
247 			 262 			 66 
302 			 260 			 87 
131 			 186 			 33 
128 			 219 			 27 
26 			 91 			 5 

 Epoch 156: 
Training 
Labels predicted: 	 True targets: 	 Correct labels: 
2691 			 1995 			 838 
2228 			 2108 			 734 
2243 			 1975 			 743 
1350 			 1657 			 471 
1365 			 1699 			 467 
392 			 835 			 161 

 Validation 
Labels predicted: 	 True targets: 	 Correct labels: 
450 			 266 			 126 
247 			 262 			 66 
302 			 260 			 87 
131 			 186 			 33 
128 			 219 			 27 
26 			 91 			 5 

 Epoch 157: 
Training 
Labels predicted: 	 True targets: 	 Correct labels: 
2691 			 1995 			 838 
2228 			 2108 			 734 
2243 			 1975 			 743 
1350 			 1657 			 471 
1365 			 1699 			 467 
392 			 835 			 161 

 Validation 
Labels predicted: 	 True targets: 	 Correct labels: 
450 			 266 			 126 
247 			 262 			 66 
302 			 260 			 87 
131 			 186 			 33 
128 			 219 			 27 
26 			 91 			 5 

 Epoch 158: 
Training 
Labels predicted: 	 True targets: 	 Correct labels: 
2691 			 1995 			 838 
2228 			 2108 			 734 
2243 			 1975 			 743 
1350 			 1657 			 471 
1365 			 1699 			 467 
392 			 835 			 161 

 Validation 
Labels predicted: 	 True targets: 	 Correct labels: 
450 			 266 			 126 
247 			 262 			 66 
302 			 260 			 87 
131 			 186 			 33 
128 			 219 			 27 
26 			 91 			 5 

 Epoch 159: 
Training 
Labels predicted: 	 True targets: 	 Correct labels: 
2691 			 1995 			 838 
2228 			 2108 			 734 
2243 			 1975 			 743 
1350 			 1657 			 471 
1365 			 1699 			 467 
392 			 835 			 161 

 Validation 
Labels predicted: 	 True targets: 	 Correct labels: 
450 			 266 			 126 
247 			 262 			 66 
302 			 260 			 87 
131 			 186 			 33 
128 			 219 			 27 
26 			 91 			 5 

 Epoch 160: 
Training 
Labels predicted: 	 True targets: 	 Correct labels: 
2691 			 1995 			 838 
2228 			 2108 			 734 
2243 			 1975 			 743 
1350 			 1657 			 471 
1365 			 1699 			 467 
392 			 835 			 161 

 Validation 
Labels predicted: 	 True targets: 	 Correct labels: 
450 			 266 			 126 
247 			 262 			 66 
302 			 260 			 87 
131 			 186 			 33 
128 			 219 			 27 
26 			 91 			 5 

 Epoch 161: 
Training 
Labels predicted: 	 True targets: 	 Correct labels: 
2691 			 1995 			 838 
2228 			 2108 			 734 
2243 			 1975 			 743 
1350 			 1657 			 471 
1365 			 1699 			 467 
392 			 835 			 161 

 Validation 
Labels predicted: 	 True targets: 	 Correct labels: 
450 			 266 			 126 
247 			 262 			 66 
302 			 260 			 87 
131 			 186 			 33 
128 			 219 			 27 
26 			 91 			 5 

 Epoch 162: 
Training 
Labels predicted: 	 True targets: 	 Correct labels: 
2691 			 1995 			 838 
2228 			 2108 			 734 
2243 			 1975 			 743 
1350 			 1657 			 471 
1365 			 1699 			 467 
392 			 835 			 161 

 Validation 
Labels predicted: 	 True targets: 	 Correct labels: 
450 			 266 			 126 
247 			 262 			 66 
302 			 260 			 87 
131 			 186 			 33 
128 			 219 			 27 
26 			 91 			 5 

 Epoch 163: 
Training 
Labels predicted: 	 True targets: 	 Correct labels: 
2691 			 1995 			 838 
2228 			 2108 			 734 
2243 			 1975 			 743 
1350 			 1657 			 471 
1365 			 1699 			 467 
392 			 835 			 161 

 Validation 
Labels predicted: 	 True targets: 	 Correct labels: 
450 			 266 			 126 
247 			 262 			 66 
302 			 260 			 87 
131 			 186 			 33 
128 			 219 			 27 
26 			 91 			 5 

 Epoch 164: 
Training 
Labels predicted: 	 True targets: 	 Correct labels: 
2691 			 1995 			 838 
2228 			 2108 			 734 
2243 			 1975 			 743 
1350 			 1657 			 471 
1365 			 1699 			 467 
392 			 835 			 161 

 Validation 
Labels predicted: 	 True targets: 	 Correct labels: 
450 			 266 			 126 
247 			 262 			 66 
302 			 260 			 87 
131 			 186 			 33 
128 			 219 			 27 
26 			 91 			 5 

 Epoch 165: 
Training 
Labels predicted: 	 True targets: 	 Correct labels: 
2691 			 1995 			 838 
2228 			 2108 			 734 
2243 			 1975 			 743 
1350 			 1657 			 471 
1365 			 1699 			 467 
392 			 835 			 161 

 Validation 
Labels predicted: 	 True targets: 	 Correct labels: 
450 			 266 			 126 
247 			 262 			 66 
302 			 260 			 87 
131 			 186 			 33 
128 			 219 			 27 
26 			 91 			 5 

 Epoch 166: 
Training 
Labels predicted: 	 True targets: 	 Correct labels: 
2691 			 1995 			 838 
2228 			 2108 			 734 
2243 			 1975 			 743 
1350 			 1657 			 471 
1365 			 1699 			 467 
392 			 835 			 161 

 Validation 
Labels predicted: 	 True targets: 	 Correct labels: 
450 			 266 			 126 
247 			 262 			 66 
302 			 260 			 87 
131 			 186 			 33 
128 			 219 			 27 
26 			 91 			 5 

 Epoch 167: 
Training 
Labels predicted: 	 True targets: 	 Correct labels: 
2691 			 1995 			 838 
2228 			 2108 			 734 
2243 			 1975 			 743 
1350 			 1657 			 471 
1365 			 1699 			 467 
392 			 835 			 161 

 Validation 
Labels predicted: 	 True targets: 	 Correct labels: 
450 			 266 			 126 
247 			 262 			 66 
302 			 260 			 87 
131 			 186 			 33 
128 			 219 			 27 
26 			 91 			 5 

 Epoch 168: 
Training 
Labels predicted: 	 True targets: 	 Correct labels: 
2691 			 1995 			 838 
2228 			 2108 			 734 
2243 			 1975 			 743 
1350 			 1657 			 471 
1365 			 1699 			 467 
392 			 835 			 161 

 Validation 
Labels predicted: 	 True targets: 	 Correct labels: 
450 			 266 			 126 
247 			 262 			 66 
302 			 260 			 87 
131 			 186 			 33 
128 			 219 			 27 
26 			 91 			 5 

 Epoch 169: 
Training 
Labels predicted: 	 True targets: 	 Correct labels: 
2691 			 1995 			 838 
2228 			 2108 			 734 
2243 			 1975 			 743 
1350 			 1657 			 471 
1365 			 1699 			 467 
392 			 835 			 161 

 Validation 
Labels predicted: 	 True targets: 	 Correct labels: 
450 			 266 			 126 
247 			 262 			 66 
302 			 260 			 87 
131 			 186 			 33 
128 			 219 			 27 
26 			 91 			 5 

 Epoch 170: 
Training 
Labels predicted: 	 True targets: 	 Correct labels: 
2691 			 1995 			 838 
2228 			 2108 			 734 
2243 			 1975 			 743 
1350 			 1657 			 471 
1365 			 1699 			 467 
392 			 835 			 161 

 Validation 
Labels predicted: 	 True targets: 	 Correct labels: 
450 			 266 			 126 
247 			 262 			 66 
302 			 260 			 87 
131 			 186 			 33 
128 			 219 			 27 
26 			 91 			 5 

 Epoch 171: 
Training 
Labels predicted: 	 True targets: 	 Correct labels: 
2691 			 1995 			 838 
2228 			 2108 			 734 
2243 			 1975 			 743 
1350 			 1657 			 471 
1365 			 1699 			 467 
392 			 835 			 161 

 Validation 
Labels predicted: 	 True targets: 	 Correct labels: 
450 			 266 			 126 
247 			 262 			 66 
302 			 260 			 87 
131 			 186 			 33 
128 			 219 			 27 
26 			 91 			 5 

 Epoch 172: 
Training 
Labels predicted: 	 True targets: 	 Correct labels: 
2691 			 1995 			 838 
2228 			 2108 			 734 
2243 			 1975 			 743 
1350 			 1657 			 471 
1365 			 1699 			 467 
392 			 835 			 161 

 Validation 
Labels predicted: 	 True targets: 	 Correct labels: 
450 			 266 			 126 
247 			 262 			 66 
302 			 260 			 87 
131 			 186 			 33 
128 			 219 			 27 
26 			 91 			 5 

 Epoch 173: 
Training 
Labels predicted: 	 True targets: 	 Correct labels: 
2691 			 1995 			 838 
2228 			 2108 			 734 
2243 			 1975 			 743 
1350 			 1657 			 471 
1365 			 1699 			 467 
392 			 835 			 161 

 Validation 
Labels predicted: 	 True targets: 	 Correct labels: 
450 			 266 			 126 
247 			 262 			 66 
302 			 260 			 87 
131 			 186 			 33 
128 			 219 			 27 
26 			 91 			 5 

 Epoch 174: 
Training 
Labels predicted: 	 True targets: 	 Correct labels: 
2691 			 1995 			 838 
2228 			 2108 			 734 
2243 			 1975 			 743 
1350 			 1657 			 471 
1365 			 1699 			 467 
392 			 835 			 161 

 Validation 
Labels predicted: 	 True targets: 	 Correct labels: 
450 			 266 			 126 
247 			 262 			 66 
302 			 260 			 87 
131 			 186 			 33 
128 			 219 			 27 
26 			 91 			 5 

 Epoch 175: 
Training 
Labels predicted: 	 True targets: 	 Correct labels: 
2691 			 1995 			 838 
2228 			 2108 			 734 
2243 			 1975 			 743 
1350 			 1657 			 471 
1365 			 1699 			 467 
392 			 835 			 161 

 Validation 
Labels predicted: 	 True targets: 	 Correct labels: 
450 			 266 			 126 
247 			 262 			 66 
302 			 260 			 87 
131 			 186 			 33 
128 			 219 			 27 
26 			 91 			 5 

 Epoch 176: 
Training 
Labels predicted: 	 True targets: 	 Correct labels: 
2691 			 1995 			 838 
2228 			 2108 			 734 
2243 			 1975 			 743 
1350 			 1657 			 471 
1365 			 1699 			 467 
392 			 835 			 161 

 Validation 
Labels predicted: 	 True targets: 	 Correct labels: 
450 			 266 			 126 
247 			 262 			 66 
302 			 260 			 87 
131 			 186 			 33 
128 			 219 			 27 
26 			 91 			 5 

 Epoch 177: 
Training 
Labels predicted: 	 True targets: 	 Correct labels: 
2691 			 1995 			 838 
2228 			 2108 			 734 
2243 			 1975 			 743 
1350 			 1657 			 471 
1365 			 1699 			 467 
392 			 835 			 161 

 Validation 
Labels predicted: 	 True targets: 	 Correct labels: 
450 			 266 			 126 
247 			 262 			 66 
302 			 260 			 87 
131 			 186 			 33 
128 			 219 			 27 
26 			 91 			 5 

 Epoch 178: 
Training 
Labels predicted: 	 True targets: 	 Correct labels: 
2691 			 1995 			 838 
2228 			 2108 			 734 
2243 			 1975 			 743 
1350 			 1657 			 471 
1365 			 1699 			 467 
392 			 835 			 161 

 Validation 
Labels predicted: 	 True targets: 	 Correct labels: 
450 			 266 			 126 
247 			 262 			 66 
302 			 260 			 87 
131 			 186 			 33 
128 			 219 			 27 
26 			 91 			 5 

 Epoch 179: 
Training 
Labels predicted: 	 True targets: 	 Correct labels: 
2691 			 1995 			 838 
2228 			 2108 			 734 
2243 			 1975 			 743 
1350 			 1657 			 471 
1365 			 1699 			 467 
392 			 835 			 161 

 Validation 
Labels predicted: 	 True targets: 	 Correct labels: 
450 			 266 			 126 
247 			 262 			 66 
302 			 260 			 87 
131 			 186 			 33 
128 			 219 			 27 
26 			 91 			 5 

 Epoch 180: 
Training 
Labels predicted: 	 True targets: 	 Correct labels: 
2691 			 1995 			 838 
2228 			 2108 			 734 
2243 			 1975 			 743 
1350 			 1657 			 471 
1365 			 1699 			 467 
392 			 835 			 161 

 Validation 
Labels predicted: 	 True targets: 	 Correct labels: 
450 			 266 			 126 
247 			 262 			 66 
302 			 260 			 87 
131 			 186 			 33 
128 			 219 			 27 
26 			 91 			 5 

 Epoch 181: 
Training 
Labels predicted: 	 True targets: 	 Correct labels: 
2691 			 1995 			 838 
2228 			 2108 			 734 
2243 			 1975 			 743 
1350 			 1657 			 471 
1365 			 1699 			 467 
392 			 835 			 161 

 Validation 
Labels predicted: 	 True targets: 	 Correct labels: 
450 			 266 			 126 
247 			 262 			 66 
302 			 260 			 87 
131 			 186 			 33 
128 			 219 			 27 
26 			 91 			 5 

 Epoch 182: 
Training 
Labels predicted: 	 True targets: 	 Correct labels: 
2691 			 1995 			 838 
2228 			 2108 			 734 
2243 			 1975 			 743 
1350 			 1657 			 471 
1365 			 1699 			 467 
392 			 835 			 161 

 Validation 
Labels predicted: 	 True targets: 	 Correct labels: 
450 			 266 			 126 
247 			 262 			 66 
302 			 260 			 87 
131 			 186 			 33 
128 			 219 			 27 
26 			 91 			 5 

 Epoch 183: 
Training 
Labels predicted: 	 True targets: 	 Correct labels: 
2691 			 1995 			 838 
2228 			 2108 			 734 
2243 			 1975 			 743 
1350 			 1657 			 471 
1365 			 1699 			 467 
392 			 835 			 161 

 Validation 
Labels predicted: 	 True targets: 	 Correct labels: 
450 			 266 			 126 
247 			 262 			 66 
302 			 260 			 87 
131 			 186 			 33 
128 			 219 			 27 
26 			 91 			 5 

 Epoch 184: 
Training 
Labels predicted: 	 True targets: 	 Correct labels: 
2691 			 1995 			 838 
2228 			 2108 			 734 
2243 			 1975 			 743 
1350 			 1657 			 471 
1365 			 1699 			 467 
392 			 835 			 161 

 Validation 
Labels predicted: 	 True targets: 	 Correct labels: 
450 			 266 			 126 
247 			 262 			 66 
302 			 260 			 87 
131 			 186 			 33 
128 			 219 			 27 
26 			 91 			 5 

 Epoch 185: 
Training 
Labels predicted: 	 True targets: 	 Correct labels: 
2691 			 1995 			 838 
2228 			 2108 			 734 
2243 			 1975 			 743 
1350 			 1657 			 471 
1365 			 1699 			 467 
392 			 835 			 161 

 Validation 
Labels predicted: 	 True targets: 	 Correct labels: 
450 			 266 			 126 
247 			 262 			 66 
302 			 260 			 87 
131 			 186 			 33 
128 			 219 			 27 
26 			 91 			 5 

 Epoch 186: 
Training 
Labels predicted: 	 True targets: 	 Correct labels: 
2691 			 1995 			 838 
2228 			 2108 			 734 
2243 			 1975 			 743 
1350 			 1657 			 471 
1365 			 1699 			 467 
392 			 835 			 161 

 Validation 
Labels predicted: 	 True targets: 	 Correct labels: 
450 			 266 			 126 
247 			 262 			 66 
302 			 260 			 87 
131 			 186 			 33 
128 			 219 			 27 
26 			 91 			 5 

 Epoch 187: 
Training 
Labels predicted: 	 True targets: 	 Correct labels: 
2691 			 1995 			 838 
2228 			 2108 			 734 
2243 			 1975 			 743 
1350 			 1657 			 471 
1365 			 1699 			 467 
392 			 835 			 161 

 Validation 
Labels predicted: 	 True targets: 	 Correct labels: 
450 			 266 			 126 
247 			 262 			 66 
302 			 260 			 87 
131 			 186 			 33 
128 			 219 			 27 
26 			 91 			 5 

 Epoch 188: 
Training 
Labels predicted: 	 True targets: 	 Correct labels: 
2691 			 1995 			 838 
2228 			 2108 			 734 
2243 			 1975 			 743 
1350 			 1657 			 471 
1365 			 1699 			 467 
392 			 835 			 161 

 Validation 
Labels predicted: 	 True targets: 	 Correct labels: 
450 			 266 			 126 
247 			 262 			 66 
302 			 260 			 87 
131 			 186 			 33 
128 			 219 			 27 
26 			 91 			 5 

 Epoch 189: 
Training 
Labels predicted: 	 True targets: 	 Correct labels: 
2691 			 1995 			 838 
2228 			 2108 			 734 
2243 			 1975 			 743 
1350 			 1657 			 471 
1365 			 1699 			 467 
392 			 835 			 161 

 Validation 
Labels predicted: 	 True targets: 	 Correct labels: 
450 			 266 			 126 
247 			 262 			 66 
302 			 260 			 87 
131 			 186 			 33 
128 			 219 			 27 
26 			 91 			 5 

 Epoch 190: 
Training 
Labels predicted: 	 True targets: 	 Correct labels: 
2691 			 1995 			 838 
2228 			 2108 			 734 
2243 			 1975 			 743 
1350 			 1657 			 471 
1365 			 1699 			 467 
392 			 835 			 161 

 Validation 
Labels predicted: 	 True targets: 	 Correct labels: 
450 			 266 			 126 
247 			 262 			 66 
302 			 260 			 87 
131 			 186 			 33 
128 			 219 			 27 
26 			 91 			 5 

 Epoch 191: 
Training 
Labels predicted: 	 True targets: 	 Correct labels: 
2691 			 1995 			 838 
2228 			 2108 			 734 
2243 			 1975 			 743 
1350 			 1657 			 471 
1365 			 1699 			 467 
392 			 835 			 161 

 Validation 
Labels predicted: 	 True targets: 	 Correct labels: 
450 			 266 			 126 
247 			 262 			 66 
302 			 260 			 87 
131 			 186 			 33 
128 			 219 			 27 
26 			 91 			 5 

 Epoch 192: 
Training 
Labels predicted: 	 True targets: 	 Correct labels: 
2691 			 1995 			 838 
2228 			 2108 			 734 
2243 			 1975 			 743 
1350 			 1657 			 471 
1365 			 1699 			 467 
392 			 835 			 161 

 Validation 
Labels predicted: 	 True targets: 	 Correct labels: 
450 			 266 			 126 
247 			 262 			 66 
302 			 260 			 87 
131 			 186 			 33 
128 			 219 			 27 
26 			 91 			 5 

 Epoch 193: 
Training 
Labels predicted: 	 True targets: 	 Correct labels: 
2691 			 1995 			 838 
2228 			 2108 			 734 
2243 			 1975 			 743 
1350 			 1657 			 471 
1365 			 1699 			 467 
392 			 835 			 161 

 Validation 
Labels predicted: 	 True targets: 	 Correct labels: 
450 			 266 			 126 
247 			 262 			 66 
302 			 260 			 87 
131 			 186 			 33 
128 			 219 			 27 
26 			 91 			 5 

 Epoch 194: 
Training 
Labels predicted: 	 True targets: 	 Correct labels: 
2691 			 1995 			 838 
2228 			 2108 			 734 
2243 			 1975 			 743 
1350 			 1657 			 471 
1365 			 1699 			 467 
392 			 835 			 161 

 Validation 
Labels predicted: 	 True targets: 	 Correct labels: 
450 			 266 			 126 
247 			 262 			 66 
302 			 260 			 87 
131 			 186 			 33 
128 			 219 			 27 
26 			 91 			 5 

 Epoch 195: 
Training 
Labels predicted: 	 True targets: 	 Correct labels: 
2691 			 1995 			 838 
2228 			 2108 			 734 
2243 			 1975 			 743 
1350 			 1657 			 471 
1365 			 1699 			 467 
392 			 835 			 161 

 Validation 
Labels predicted: 	 True targets: 	 Correct labels: 
450 			 266 			 126 
247 			 262 			 66 
302 			 260 			 87 
131 			 186 			 33 
128 			 219 			 27 
26 			 91 			 5 

 Epoch 196: 
Training 
Labels predicted: 	 True targets: 	 Correct labels: 
2691 			 1995 			 838 
2228 			 2108 			 734 
2243 			 1975 			 743 
1350 			 1657 			 471 
1365 			 1699 			 467 
392 			 835 			 161 

 Validation 
Labels predicted: 	 True targets: 	 Correct labels: 
450 			 266 			 126 
247 			 262 			 66 
302 			 260 			 87 
131 			 186 			 33 
128 			 219 			 27 
26 			 91 			 5 

 Epoch 197: 
Training 
Labels predicted: 	 True targets: 	 Correct labels: 
2691 			 1995 			 838 
2228 			 2108 			 734 
2243 			 1975 			 743 
1350 			 1657 			 471 
1365 			 1699 			 467 
392 			 835 			 161 

 Validation 
Labels predicted: 	 True targets: 	 Correct labels: 
450 			 266 			 126 
247 			 262 			 66 
302 			 260 			 87 
131 			 186 			 33 
128 			 219 			 27 
26 			 91 			 5 

 Epoch 198: 
Training 
Labels predicted: 	 True targets: 	 Correct labels: 
2691 			 1995 			 838 
2228 			 2108 			 734 
2243 			 1975 			 743 
1350 			 1657 			 471 
1365 			 1699 			 467 
392 			 835 			 161 

 Validation 
Labels predicted: 	 True targets: 	 Correct labels: 
450 			 266 			 126 
247 			 262 			 66 
302 			 260 			 87 
131 			 186 			 33 
128 			 219 			 27 
26 			 91 			 5 

 Epoch 199: 
Training 
Labels predicted: 	 True targets: 	 Correct labels: 
2691 			 1995 			 838 
2228 			 2108 			 734 
2243 			 1975 			 743 
1350 			 1657 			 471 
1365 			 1699 			 467 
392 			 835 			 161 

 Validation 
Labels predicted: 	 True targets: 	 Correct labels: 
450 			 266 			 126 
247 			 262 			 66 
302 			 260 			 87 
131 			 186 			 33 
128 			 219 			 27 
26 			 91 			 5 
